        Frequency / MHz                S1,1/arg,degrees
----------------------------------------------------------------------
                     100                       179.03821
                   100.1                        178.3249
                   100.2                       177.60652
                   100.3                        176.8829
                   100.4                        176.1539
                   100.5                       175.41939
                   100.6                       174.67921
                   100.7                       173.93317
                   100.8                       173.18113
                   100.9                       172.42289
                     101                        171.6583
                   101.1                       170.88714
                   101.2                       170.10922
                   101.3                       169.32432
                   101.4                       168.53225
                   101.5                       167.73279
                   101.6                       166.92566
                   101.7                       166.11068
                   101.8                       165.28755
                   101.9                       164.45604
                     102                       163.61586
                   102.1                       162.76675
                   102.2                       161.90842
                   102.3                       161.04056
                   102.4                       160.16285
                   102.5                         159.275
                   102.6                       158.37665
                   102.7                       157.46747
                   102.8                       156.54712
                   102.9                        155.6152
                     103                       154.67138
                   103.1                       153.71524
                   103.2                       152.74642
                   103.3                       151.76445
                   103.4                       150.76898
                   103.5                       149.75953
                   103.6                       148.73571
                   103.7                       147.69705
                   103.8                       146.64309
                   103.9                       145.57338
                     104                       144.48746
                   104.1                       143.38483
                   104.2                       142.26503
                   104.3                       141.12759
                   104.4                       139.97204
                   104.5                       138.79787
                   104.6                       137.60461
                   104.7                       136.39183
                   104.8                       135.15905
                   104.9                       133.90581
                     105                        132.6317
                   105.1                       131.33632
                   105.2                       130.01929
                   105.3                       128.68022
                   105.4                       127.31884
                   105.5                       125.93484
                   105.6                       124.52799
                   105.7                       123.09812
                   105.8                        121.6451
                   105.9                       120.16886
                     106                       118.66941
                   106.1                       117.14686
                   106.2                       115.60133
                   106.3                       114.03314
                   106.4                        112.4426
                   106.5                       110.83019
                   106.6                       109.19647
                   106.7                       107.54209
                   106.8                       105.86786
                   106.9                       104.17468
                     107                       102.46356
                   107.1                       100.73565
                   107.2                       98.992179
                   107.3                       97.234525
                   107.4                       95.464154
                   107.5                       93.682622
                   107.6                       91.891603
                   107.7                       90.092811
                   107.8                        88.28807
                   107.9                       86.479231
                     108                         84.6682
                   108.1                       82.856977
                   108.2                       81.047407
                   108.3                       79.241437
                   108.4                       77.441089
                   108.5                       75.648239
                   108.6                        73.86461
                   108.7                       72.092148
                   108.8                       70.332447
                   108.9                       68.587265
                     109                       66.857956
                   109.1                       65.146106
                   109.2                       63.452991
                   109.3                        61.77977
                   109.4                       60.127671
                   109.5                       58.497548
                   109.6                       56.890304
                   109.7                       55.306684
                   109.8                       53.747298
                   109.9                       52.212753
                     110                       50.703415
                   110.1                       49.219589
                   110.2                       47.761457
                   110.3                       46.329269
                   110.4                       44.923018
                   110.5                       43.542709
                   110.6                       42.188217
                   110.7                        40.85936
                   110.8                       39.556017
                   110.9                       38.277851
                     111                       37.024607
                   111.1                       35.795931
                   111.2                       34.591447
                   111.3                       33.410749
                   111.4                        32.25342
                   111.5                       31.119008
                   111.6                        30.00705
                   111.7                       28.917076
                   111.8                       27.848599
                   111.9                       26.801134
                     112                        25.77418
                   112.1                       24.767257
                   112.2                        23.77985
                   112.3                       22.811484
                   112.4                       21.861667
                   112.5                       20.929916
                   112.6                        20.01575
                   112.7                       19.118702
                   112.8                       18.238309
                   112.9                       17.374123
                     113                       16.525695
                   113.1                       15.692595
                   113.2                       14.874392
                   113.3                        14.07068
                   113.4                       13.281052
                   113.5                       12.505114
                   113.6                       11.742483
                   113.7                       10.992788
                   113.8                       10.255665
                   113.9                       9.5307669
                     114                       8.8177503
                   114.1                       8.1162826
                   114.2                        7.426045
                   114.3                       6.7467259
                   114.4                       6.0780236
                   114.5                       5.4196444
                   114.6                       4.7713077
                   114.7                       4.1327378
                   114.8                       3.5036696
                   114.9                       2.8838452
                     115                       2.2730173
                   115.1                       1.6709442
                   115.2                       1.0773932
                   115.3                      0.49213917
                   115.4                    -0.085036394
                   115.5                     -0.65434444
                   115.6                      -1.2159892
                   115.7                      -1.7701679
                   115.8                      -2.3170722
                   115.9                      -2.8568869
                     116                      -3.3897912
                   116.1                      -3.9159576
                   116.2                      -4.4355547
                   116.3                      -4.9487447
                   116.4                      -5.4556831
                   116.5                      -5.9565248
                   116.6                      -6.4514159
                   116.7                      -6.9404984
                   116.8                      -7.4239112
                   116.9                      -7.9017885
                     117                      -8.3742602
                   117.1                      -8.8414514
                   117.2                      -9.3034845
                   117.3                      -9.7604776
                   117.4                      -10.212547
                   117.5                      -10.659803
                   117.6                      -11.102352
                   117.7                      -11.540301
                   117.8                       -11.97375
                   117.9                      -12.402802
                     118                      -12.827547
                   118.1                      -13.248082
                   118.2                      -13.664497
                   118.3                       -14.07688
                   118.4                      -14.485314
                   118.5                      -14.889885
                   118.6                       -15.29067
                   118.7                      -15.687755
                   118.8                      -16.081205
                   118.9                      -16.471104
                     119                      -16.857518
                   119.1                       -17.24052
                   119.2                      -17.620179
                   119.3                      -17.996555
                   119.4                      -18.369717
                   119.5                      -18.739731
                   119.6                      -19.106648
                   119.7                      -19.470533
                   119.8                      -19.831448
                   119.9                      -20.189444
                     120                      -20.544571
                   120.1                      -20.896893
                   120.2                      -21.246453
                   120.3                      -21.593309
                   120.4                        -21.9375
                   120.5                      -22.279082
                   120.6                      -22.618099
                   120.7                      -22.954596
                   120.8                      -23.288615
                   120.9                      -23.620207
                     121                      -23.949408
                   121.1                      -24.276261
                   121.2                      -24.600804
                   121.3                      -24.923081
                   121.4                      -25.243125
                   121.5                      -25.560985
                   121.6                      -25.876683
                   121.7                      -26.190259
                   121.8                      -26.501758
                   121.9                      -26.811198
                     122                       -27.11863
                   122.1                      -27.424075
                   122.2                      -27.727569
                   122.3                      -28.029146
                   122.4                      -28.328832
                   122.5                       -28.62666
                   122.6                      -28.922657
                   122.7                      -29.216854
                   122.8                      -29.509281
                   122.9                       -29.79996
                     123                      -30.088924
                   123.1                      -30.376194
                   123.2                      -30.661805
                   123.3                      -30.945774
                   123.4                      -31.228126
                   123.5                      -31.508883
                   123.6                      -31.788077
                   123.7                       -32.06572
                   123.8                      -32.341846
                   123.9                      -32.616467
                     124                      -32.889621
                   124.1                      -33.161308
                   124.2                      -33.431558
                   124.3                      -33.700388
                   124.4                      -33.967829
                   124.5                       -34.23389
                   124.6                      -34.498591
                   124.7                      -34.761954
                   124.8                      -35.023996
                   124.9                      -35.284736
                     125                      -35.544188
                   125.1                      -35.802376
                   125.2                      -36.059309
                   125.3                       -36.31501
                   125.4                      -36.569499
                   125.5                      -36.822786
                   125.6                       -37.07488
                   125.7                      -37.325811
                   125.8                      -37.575593
                   125.9                      -37.824234
                     126                       -38.07175
                   126.1                      -38.318158
                   126.2                      -38.563469
                   126.3                      -38.807703
                   126.4                      -39.050875
                   126.5                      -39.292998
                   126.6                      -39.534077
                   126.7                      -39.774137
                   126.8                       -40.01318
                   126.9                      -40.251227
                     127                      -40.488286
                   127.1                      -40.724381
                   127.2                      -40.959504
                   127.3                      -41.193683
                   127.4                      -41.426915
                   127.5                      -41.659229
                   127.6                      -41.890627
                   127.7                      -42.121117
                   127.8                      -42.350713
                   127.9                      -42.579429
                     128                      -42.807272
               128.10001                      -43.034248
                   128.2                      -43.260376
                   128.3                      -43.485656
               128.39999                      -43.710108
                   128.5                       -43.93373
               128.60001                      -44.156546
                   128.7                      -44.378547
                   128.8                       -44.59976
               128.89999                       -44.82018
                     129                      -45.039822
               129.10001                      -45.258697
                   129.2                      -45.476812
                   129.3                      -45.694179
               129.39999                      -45.910793
                   129.5                      -46.126678
               129.60001                      -46.341834
                   129.7                      -46.556273
                   129.8                      -46.770004
               129.89999                      -46.983031
                     130                      -47.195367
               130.10001                      -47.407016
                   130.2                      -47.617985
                   130.3                      -47.828279
               130.39999                      -48.037918
                   130.5                        -48.2469
               130.60001                      -48.455228
                   130.7                      -48.662919
                   130.8                      -48.869976
               130.89999                      -49.076404
                     131                      -49.282212
               131.10001                      -49.487407
                   131.2                      -49.691988
                   131.3                      -49.895973
               131.39999                      -50.099367
                   131.5                      -50.302164
               131.60001                      -50.504384
                   131.7                      -50.706019
                   131.8                      -50.907089
               131.89999                      -51.107591
                     132                      -51.307538
               132.10001                      -51.506938
                   132.2                      -51.705733
                   132.3                      -51.904037
               132.39999                      -52.101796
                   132.5                      -52.298999
               132.60001                      -52.495711
                   132.7                      -52.691879
                   132.8                      -52.887495
               132.89999                      -53.082626
                     133                       -53.27727
               133.10001                      -53.471422
                   133.2                      -53.665024
                   133.3                      -53.858138
               133.39999                      -54.050768
                   133.5                      -54.242963
               133.60001                      -54.434617
                   133.7                      -54.625838
                   133.8                      -54.816575
               133.89999                      -55.006819
                     134                      -55.196639
               134.10001                      -55.385969
                   134.2                      -55.574874
                   134.3                      -55.763351
               134.39999                        -55.9514
                   134.5                      -56.138958
               134.60001                      -56.326093
                   134.7                      -56.512863
                   134.8                      -56.699145
               134.89999                      -56.885055
                     135                      -57.070479
               135.10001                      -57.255542
                   135.2                      -57.440173
                   135.3                      -57.624433
               135.39999                      -57.808276
                   135.5                      -57.991686
               135.60001                      -58.174731
                   135.7                      -58.357346
                   135.8                       -58.53966
               135.89999                      -58.721478
                     136                      -58.902992
               136.10001                      -59.084095
                   136.2                      -59.264817
                   136.3                      -59.445179
               136.39999                      -59.625156
                   136.5                      -59.804767
               136.60001                      -59.984013
                   136.7                      -60.162901
                   136.8                      -60.341421
               136.89999                      -60.519587
                     137                      -60.697405
               137.10001                      -60.874867
                   137.2                       -61.05198
                   137.3                      -61.228755
               137.39999                      -61.405189
                   137.5                      -61.581286
               137.60001                      -61.757048
                   137.7                      -61.932479
                   137.8                      -62.107585
               137.89999                      -62.282371
                     138                      -62.456835
               138.10001                      -62.630977
                   138.2                      -62.804807
                   138.3                      -62.978319
               138.39999                      -63.151534
                   138.5                      -63.324427
               138.60001                      -63.497017
                   138.7                       -63.66931
                   138.8                        -63.8413
               138.89999                      -64.012984
                     139                      -64.184373
               139.10001                      -64.355463
                   139.2                      -64.526244
                   139.3                      -64.696734
               139.39999                      -64.866921
                   139.5                      -65.036807
               139.60001                      -65.206394
                   139.7                      -65.375688
                   139.8                      -65.544666
               139.89999                      -65.713357
                     140                      -65.881729
               140.10001                      -66.049807
                   140.2                      -66.217569
                   140.3                       -66.38502
               140.39999                      -66.552168
                   140.5                      -66.719002
               140.60001                      -66.885529
                   140.7                      -67.051735
                   140.8                      -67.217627
               140.89999                      -67.383218
                     141                      -67.548488
               141.10001                      -67.713437
                   141.2                      -67.878086
                   141.3                      -68.042413
               141.39999                      -68.206426
                   141.5                      -68.370139
               141.60001                      -68.533545
                   141.7                      -68.696642
                   141.8                      -68.859432
               141.89999                       -69.02193
                     142                      -69.184125
               142.10001                      -69.346036
                   142.2                       -69.50766
                   142.3                      -69.668986
               142.39999                       -69.83005
                   142.5                       -69.99082
               142.60001                      -70.151328
                   142.7                       -70.31158
                   142.8                      -70.471549
               142.89999                      -70.631273
                     143                      -70.790745
               143.10001                      -70.949955
                   143.2                      -71.108936
                   143.3                      -71.267669
               143.39999                      -71.426164
                   143.5                      -71.584427
               143.60001                      -71.742456
                   143.7                      -71.900253
                   143.8                      -72.057826
               143.89999                      -72.215175
                     144                      -72.372302
               144.10001                      -72.529206
                   144.2                      -72.685883
                   144.3                      -72.842349
               144.39999                      -72.998583
                   144.5                      -73.154605
               144.60001                      -73.310396
                   144.7                      -73.465965
                   144.8                      -73.621318
               144.89999                      -73.776438
                     145                      -73.931333
               145.10001                      -74.085998
                   145.2                      -74.240434
                   145.3                      -74.394637
               145.39999                      -74.548605
                   145.5                      -74.702331
               145.60001                      -74.855827
                   145.7                      -75.009077
                   145.8                      -75.162086
               145.89999                      -75.314851
                     146                      -75.467368
               146.10001                      -75.619633
                   146.2                      -75.771659
                   146.3                      -75.923426
               146.39999                      -76.074941
                   146.5                      -76.226202
               146.60001                       -76.37721
                   146.7                       -76.52796
                   146.8                      -76.678456
               146.89999                      -76.828701
                     147                       -76.97867
               147.10001                      -77.128388
                   147.2                       -77.27784
                   147.3                      -77.427038
               147.39999                      -77.575964
                   147.5                      -77.724643
               147.60001                      -77.873042
                   147.7                      -78.021183
                   147.8                      -78.169043
               147.89999                      -78.316643
                     148                      -78.463976
               148.10001                      -78.611038
                   148.2                      -78.757819
                   148.3                      -78.904326
               148.39999                      -79.050561
                   148.5                      -79.196508
               148.60001                      -79.342176
                   148.7                      -79.487563
                   148.8                      -79.632663
               148.89999                      -79.777463
                     149                      -79.921983
               149.10001                      -80.066203
                   149.2                      -80.210114
                   149.3                      -80.353726
               149.39999                      -80.497037
                   149.5                      -80.640034
               149.60001                      -80.782724
                   149.7                      -80.925092
                   149.8                      -81.067153
               149.89999                      -81.208881
                     150                      -81.350278
               150.10001                      -81.491356
                   150.2                      -81.632099
                   150.3                        -81.7725
               150.39999                      -81.912567
                   150.5                      -82.052285
               150.60001                      -82.191656
                   150.7                      -82.330684
                   150.8                      -82.469343
               150.89999                      -82.607648
                     151                       -82.74559
               151.10001                      -82.883164
                   151.2                      -83.020369
                   151.3                      -83.157198
               151.39999                      -83.293638
                   151.5                      -83.429702
               151.60001                      -83.565377
                   151.7                      -83.700656
                   151.8                      -83.835525
               151.89999                      -83.969991
                     152                       -84.10406
               152.10001                      -84.237693
                   152.2                      -84.370909
                   152.3                      -84.503702
               152.39999                       -84.63605
                   152.5                      -84.767962
               152.60001                      -84.899415
                   152.7                      -85.030412
                   152.8                       -85.16095
               152.89999                      -85.291011
                     153                      -85.420586
               153.10001                      -85.549677
                   153.2                      -85.678269
                   153.3                      -85.806348
               153.39999                      -85.933923
                   153.5                      -86.060971
               153.60001                      -86.187487
                   153.7                      -86.313456
                   153.8                      -86.438872
               153.89999                      -86.563734
                     154                      -86.688017
               154.10001                      -86.811725
                   154.2                      -86.934832
                   154.3                      -87.057346
               154.39999                       -87.17923
                   154.5                        -87.3005
               154.60001                      -87.421128
                   154.7                      -87.541114
                   154.8                       -87.66043
               154.89999                      -87.779084
                     155                      -87.897042
               155.10001                      -88.014296
                   155.2                      -88.130846
                   155.3                      -88.246666
               155.39999                      -88.361741
                   155.5                      -88.476058
               155.60001                      -88.589609
                   155.7                      -88.702362
                   155.8                      -88.814316
               155.89999                      -88.925443
                     156                       -89.03573
               156.10001                      -89.145157
                   156.2                      -89.253702
                   156.3                      -89.361353
               156.39999                      -89.468081
                   156.5                      -89.573867
               156.60001                      -89.678697
                   156.7                      -89.782536
                   156.8                      -89.885378
               156.89999                      -89.987182
                     157                      -90.087928
               157.10001                        -90.1876
                   157.2                      -90.286174
                   157.3                      -90.383586
               157.39999                      -90.479864
                   157.5                      -90.574927
               157.60001                      -90.668767
                   157.7                      -90.761357
                   157.8                       -90.85267
               157.89999                      -90.942698
                     158                       -91.03132
               158.10001                      -91.118596
                   158.2                      -91.204445
                   158.3                      -91.288825
               158.39999                       -91.37171
                   158.5                      -91.453071
               158.60001                      -91.532847
                   158.7                      -91.610998
                   158.8                      -91.687476
               158.89999                      -91.762273
                     159                      -91.835274
               159.10001                        -91.9065
                   159.2                       -91.97584
                   159.3                      -92.043281
               159.39999                      -92.108741
                   159.5                      -92.172187
               159.60001                      -92.233529
                   159.7                      -92.292733
                   159.8                       -92.34971
               159.89999                      -92.404427
                     160                      -92.456767
               160.10001                      -92.506662
                   160.2                      -92.554083
                   160.3                      -92.598883
               160.39999                      -92.641032
                   160.5                      -92.680428
               160.60001                      -92.716956
                   160.7                      -92.750554
                   160.8                      -92.781105
               160.89999                      -92.808508
                     161                      -92.832646
               161.10001                      -92.853403
                   161.2                      -92.870704
                   161.3                      -92.884378
               161.39999                      -92.894295
                   161.5                      -92.900367
               161.60001                       -92.90241
                   161.7                      -92.900305
                   161.8                      -92.893838
               161.89999                      -92.882909
                     162                       -92.86735
               162.10001                      -92.846934
                   162.2                      -92.821479
                   162.3                      -92.790838
               162.39999                      -92.754741
                   162.5                      -92.713022
               162.60001                      -92.665381
                   162.7                      -92.611641
                   162.8                      -92.551522
               162.89999                       -92.48475
                     163                      -92.411046
               163.10001                      -92.330087
                   163.2                      -92.241582
                   163.3                      -92.145146
               163.39999                      -92.040474
                   163.5                      -91.927195
               163.60001                      -91.804846
                   163.7                       -91.67301
                   163.8                       -91.53129
               163.89999                      -91.379161
                     164                      -91.216131
               164.10001                      -91.041647
                   164.2                      -90.855135
                   164.3                      -90.655981
               164.39999                      -90.443535
                   164.5                      -90.217093
               164.60001                      -89.975906
                   164.7                      -89.719193
                   164.8                      -89.446102
               164.89999                      -89.155709
                     165                       -88.84706
               165.10001                      -88.519115
                   165.2                      -88.170755
                   165.3                      -87.800804
               165.39999                      -87.407966
                   165.5                      -86.990888
               165.60001                      -86.548087
                   165.7                      -86.078006
                   165.8                       -85.57893
               165.89999                      -85.049065
                     166                      -84.486435
               166.10001                      -83.888971
                   166.2                      -83.254406
                   166.3                      -82.580327
               166.39999                      -81.864175
                   166.5                      -81.103149
               166.60001                      -80.294311
                   166.7                      -79.434492
                   166.8                      -78.520339
               166.89999                      -77.548261
                     167                      -76.514503
               167.10001                      -75.415069
                   167.2                      -74.245802
                   167.3                      -73.002375
               167.39999                      -71.680323
                   167.5                      -70.275113
               167.60001                      -68.782206
                   167.7                      -67.197109
                   167.8                      -65.515537
               167.89999                      -63.733507
                     168                      -61.847574
               168.10001                      -59.854942
                   168.2                      -57.753773
                   168.3                      -55.543364
               168.39999                      -53.224504
                   168.5                      -50.799658
               168.60001                      -48.273251
                   168.7                      -45.651853
                   168.8                      -42.944309
               168.89999                      -40.161732
                     169                      -37.317422
               169.10001                      -34.426579
                   169.2                       -31.50595
                   169.3                      -28.573285
               169.39999                      -25.646749
                   169.5                      -22.744305
               169.60001                      -19.883085
                   169.7                      -17.078844
                   169.8                      -14.345545
               169.89999                      -11.695035
                     170                      -9.1369107
               170.10001                      -6.6784758
                   170.2                       -4.324843
                   170.3                      -2.0791009
               170.39999                     0.057452443
                   170.5                       2.0850498
               170.60001                       4.0051858
                   170.7                       5.8203592
                   170.8                       7.5338383
               170.89999                       9.1494435
                     171                       10.671376
               171.10001                       12.104068
                   171.2                       13.452051
                   171.3                       14.719877
               171.39999                       15.912031
                   171.5                        17.03289
               171.60001                       18.086674
                   171.7                       19.077422
                   171.8                        20.00898
               171.89999                       20.884985
                     172                       21.708873
               172.10001                       22.483866
                   172.2                       23.212993
                   172.3                       23.899079
               172.39999                       24.544777
                   172.5                       25.152547
               172.60001                       25.724694
                   172.7                       26.263362
                   172.8                       26.770553
               172.89999                       27.248121
                     173                       27.697805
               173.10001                       28.121217
                   173.2                       28.519863
                   173.3                       28.895146
               173.39999                       29.248372
                   173.5                        29.58076
               173.60001                       29.893447
                   173.7                       30.187501
                   173.8                       30.463908
               173.89999                         30.7236
                     174                       30.967446
               174.10001                        31.19626
                   174.2                       31.410795
                   174.3                       31.611771
               174.39999                       31.799854
                   174.5                       31.975677
               174.60001                       32.139824
                   174.7                        32.29285
                   174.8                       32.435282
               174.89999                       32.567596
                     175                       32.690264
               175.10001                       32.803719
                   175.2                       32.908366
                   175.3                       33.004604
               175.39999                       33.092787
                   175.5                       33.173256
               175.60001                       33.246352
                   175.7                       33.312372
                   175.8                        33.37161
               175.89999                       33.424349
                     176                       33.470842
               176.10001                        33.51134
                   176.2                       33.546085
                   176.3                       33.575294
               176.39999                       33.599183
                   176.5                       33.617954
               176.60001                       33.631802
                   176.7                       33.640907
                   176.8                       33.645449
               176.89999                       33.645583
                     177                       33.641482
               177.10001                       33.633295
                   177.2                       33.621157
                   177.3                       33.605217
               177.39999                       33.585605
                   177.5                       33.562444
               177.60001                       33.535855
                   177.7                       33.505956
                   177.8                       33.472858
               177.89999                       33.436664
                     178                        33.39748
               178.10001                       33.355398
                   178.2                        33.31051
                   178.3                       33.262914
               178.39999                       33.212693
                   178.5                       33.159925
               178.60001                       33.104689
                   178.7                       33.047062
                   178.8                       32.987118
               178.89999                       32.924924
                     179                       32.860545
               179.10001                       32.794057
                   179.2                       32.725506
                   179.3                       32.654964
               179.39999                       32.582481
                   179.5                       32.508112
               179.60001                       32.431921
                   179.7                       32.353943
                   179.8                       32.274237
               179.89999                       32.192855
                     180                       32.109835
               180.10001                       32.025222
                   180.2                       31.939057
                   180.3                       31.851391
               180.39999                       31.762257
                   180.5                       31.671697
               180.60001                       31.579746
                   180.7                       31.486443
                   180.8                       31.391819
               180.89999                       31.295917
                     181                       31.198763
               181.10001                        31.10039
                   181.2                       31.000835
                   181.3                       30.900116
               181.39999                       30.798276
                   181.5                       30.695333
               181.60001                       30.591324
                   181.7                       30.486272
                   181.8                         30.3802
               181.89999                        30.27314
                     182                        30.16511
               182.10001                       30.056139
                   182.2                       29.946241
                   182.3                       29.835449
               182.39999                       29.723775
                   182.5                       29.611247
               182.60001                       29.497886
                   182.7                       29.383708
                   182.8                       29.268726
               182.89999                       29.152973
                     183                       29.036456
               183.10001                       28.919198
                   183.2                        28.80121
                   183.3                       28.682512
               183.39999                       28.563122
                   183.5                       28.443053
               183.60001                       28.322319
                   183.7                       28.200936
                   183.8                       28.078924
               183.89999                       27.956286
                     184                       27.833045
               184.10001                       27.709211
                   184.2                       27.584795
                   184.3                       27.459815
               184.39999                       27.334277
                   184.5                       27.208201
               184.60001                       27.081596
                   184.7                       26.954475
                   184.8                       26.826844
               184.89999                       26.698722
                     185                       26.570114
               185.10001                       26.441037
                   185.2                       26.311495
                   185.3                       26.181506
               185.39999                       26.051074
                   185.5                       25.920216
               185.60001                       25.788932
                   185.7                       25.657243
                   185.8                       25.525146
               185.89999                       25.392663
                     186                       25.259791
               186.10001                       25.126548
                   186.2                       24.992936
                   186.3                       24.858965
               186.39999                       24.724646
                   186.5                       24.589979
               186.60001                       24.454983
                   186.7                       24.319657
                   186.8                        24.18401
               186.89999                       24.048048
                     187                        23.91178
               187.10001                       23.775211
                   187.2                       23.638348
                   187.3                       23.501196
               187.39999                       23.363763
                   187.5                       23.226055
               187.60001                       23.088078
                   187.7                       22.949837
                   187.8                       22.811338
               187.89999                       22.672586
                     188                       22.533592
               188.10001                       22.394357
                   188.2                       22.254884
                   188.3                       22.115182
               188.39999                       21.975259
                   188.5                        21.83512
               188.60001                       21.694762
                   188.7                       21.554201
                   188.8                        21.41344
               188.89999                       21.272477
                     189                       21.131326
               189.10001                       20.989989
                   189.2                       20.848469
                   189.3                       20.706771
               189.39999                       20.564905
                   189.5                       20.422871
               189.60001                       20.280673
                   189.7                       20.138323
                   189.8                       19.995809
               189.89999                       19.853155
                     190                       19.710353
               190.10001                       19.567411
                   190.2                       19.424332
                   190.3                       19.281118
               190.39999                       19.137773
                   190.5                       18.994305
               190.60001                       18.850713
                   190.7                       18.707001
                   190.8                       18.563173
               190.89999                       18.419235
                     191                       18.275182
               191.10001                       18.131025
                   191.2                       17.986764
                   191.3                       17.842405
               191.39999                       17.697947
                   191.5                       17.553395
               191.60001                       17.408749
                   191.7                       17.264015
                   191.8                       17.119199
               191.89999                       16.974298
                     192                       16.829314
               192.10001                       16.684262
                   192.2                        16.53912
                   192.3                       16.393917
               192.39999                       16.248652
                   192.5                       16.103329
               192.60001                       15.957943
                   192.7                       15.812495
                   192.8                        15.66699
               192.89999                        15.52145
                     193                       15.375851
               193.10001                       15.230188
                   193.2                         15.0845
                   193.3                       14.938778
               193.39999                       14.793013
                   193.5                       14.647212
               193.60001                       14.501381
                   193.7                       14.355521
                   193.8                       14.209632
               193.89999                        14.06372
                     194                       13.917786
               194.10001                       13.771831
                   194.2                       13.625858
                   194.3                       13.479869
               194.39999                       13.333865
                   194.5                        13.18785
               194.60001                       13.041824
                   194.7                       12.895789
                   194.8                       12.749747
               194.89999                       12.603697
                     195                       12.457646
               195.10001                       12.311591
                   195.2                       12.165538
                   195.3                       12.019485
               195.39999                       11.873435
                   195.5                        11.72739
               195.60001                       11.581352
                   195.7                       11.435323
                   195.8                       11.289304
               195.89999                       11.143299
                     196                       10.997308
               196.10001                       10.851332
                   196.2                       10.705377
                   196.3                       10.559442
               196.39999                        10.41353
                   196.5                       10.267645
               196.60001                       10.121785
                   196.7                        9.975958
                   196.8                        9.830161
               196.89999                       9.6844008
                     197                       9.5386732
               197.10001                       9.3929842
                   197.2                       9.2473367
                   197.3                       9.1017294
               197.39999                       8.9561686
                   197.5                       8.8106511
               197.60001                       8.6651808
                   197.7                       8.5197577
                   197.8                       8.3743858
               197.89999                       8.2290643
                     198                       8.0837953
               198.10001                       7.9385805
                   198.2                       7.7934194
                   198.3                       7.6483154
               198.39999                       7.5032662
                   198.5                       7.3582758
               198.60001                       7.2133442
                   198.7                       7.0684705
                   198.8                       6.9236588
               198.89999                       6.7789083
                     199                       6.6342202
               199.10001                       6.4895956
                   199.2                       6.3450363
                   199.3                       6.2005427
               199.39999                        6.056116
                   199.5                       5.9117582
               199.60001                        5.767471
                   199.7                       5.6232549
                   199.8                       5.4791121
               199.89999                       5.3350448
                     200                       5.1910533

