        Frequency / MHz                S1,1/abs,dB
----------------------------------------------------------------------
                     100                      -7.8114366
                   100.1                       -7.912629
                   100.2                      -8.0148391
                   100.3                      -8.1180711
                   100.4                      -8.2223279
                   100.5                      -8.3276106
                   100.6                      -8.4339237
                   100.7                      -8.5412681
                   100.8                      -8.6496447
                   100.9                      -8.7590553
                     101                      -8.8695004
                   101.1                      -8.9809797
                   101.2                       -9.093493
                   101.3                       -9.207039
                   101.4                      -9.3216171
                   101.5                      -9.4372223
                   101.6                      -9.5538538
                   101.7                      -9.6715055
                   101.8                      -9.7901737
                   101.9                       -9.909851
                     102                      -10.030532
                   102.1                      -10.152208
                   102.2                      -10.274869
                   102.3                      -10.398502
                   102.4                      -10.523098
                   102.5                      -10.648642
                   102.6                      -10.775117
                   102.7                      -10.902507
                   102.8                      -11.030791
                   102.9                      -11.159948
                     103                      -11.289953
                   103.1                      -11.420781
                   103.2                      -11.552401
                   103.3                      -11.684781
                   103.4                      -11.817886
                   103.5                      -11.951678
                   103.6                      -12.086113
                   103.7                      -12.221147
                   103.8                      -12.356728
                   103.9                      -12.492804
                     104                      -12.629314
                   104.1                      -12.766195
                   104.2                      -12.903377
                   104.3                      -13.040788
                   104.4                      -13.178345
                   104.5                      -13.315964
                   104.6                      -13.453551
                   104.7                      -13.591008
                   104.8                      -13.728229
                   104.9                        -13.8651
                     105                      -14.001503
                   105.1                      -14.137308
                   105.2                       -14.27238
                   105.3                      -14.406576
                   105.4                      -14.539745
                   105.5                      -14.671727
                   105.6                      -14.802356
                   105.7                      -14.931456
                   105.8                      -15.058846
                   105.9                      -15.184337
                     106                      -15.307733
                   106.1                      -15.428833
                   106.2                      -15.547428
                   106.3                      -15.663308
                   106.4                      -15.776259
                   106.5                      -15.886061
                   106.6                      -15.992499
                   106.7                      -16.095351
                   106.8                      -16.194406
                   106.9                      -16.289449
                     107                      -16.380273
                   107.1                      -16.466679
                   107.2                      -16.548477
                   107.3                      -16.625487
                   107.4                      -16.697543
                   107.5                      -16.764493
                   107.6                      -16.826201
                   107.7                      -16.882551
                   107.8                      -16.933444
                   107.9                      -16.978804
                     108                      -17.018576
                   108.1                      -17.052725
                   108.2                      -17.081242
                   108.3                      -17.104138
                   108.4                      -17.121449
                   108.5                      -17.133233
                   108.6                      -17.139567
                   108.7                      -17.140551
                   108.8                      -17.136301
                   108.9                      -17.126955
                     109                      -17.112662
                   109.1                      -17.093588
                   109.2                      -17.069914
                   109.3                      -17.041826
                   109.4                       -17.00952
                   109.5                      -16.973202
                   109.6                      -16.933081
                   109.7                      -16.889367
                   109.8                      -16.842274
                   109.9                      -16.792015
                     110                      -16.738803
                   110.1                      -16.682845
                   110.2                       -16.62435
                   110.3                      -16.563516
                   110.4                      -16.500538
                   110.5                      -16.435607
                   110.6                      -16.368904
                   110.7                      -16.300605
                   110.8                      -16.230877
                   110.9                       -16.15988
                     111                      -16.087766
                   111.1                       -16.01468
                   111.2                      -15.940758
                   111.3                      -15.866128
                   111.4                      -15.790912
                   111.5                      -15.715222
                   111.6                      -15.639167
                   111.7                      -15.562844
                   111.8                      -15.486345
                   111.9                      -15.409759
                     112                      -15.333163
                   112.1                      -15.256633
                   112.2                      -15.180235
                   112.3                      -15.104034
                   112.4                      -15.028087
                   112.5                      -14.952449
                   112.6                      -14.877166
                   112.7                      -14.802284
                   112.8                      -14.727844
                   112.9                      -14.653883
                     113                      -14.580433
                   113.1                      -14.507527
                   113.2                      -14.435189
                   113.3                      -14.363446
                   113.4                      -14.292318
                   113.5                      -14.221826
                   113.6                      -14.151987
                   113.7                      -14.082815
                   113.8                      -14.014324
                   113.9                      -13.946525
                     114                      -13.879429
                   114.1                      -13.813042
                   114.2                      -13.747373
                   114.3                      -13.682426
                   114.4                      -13.618207
                   114.5                      -13.554718
                   114.6                      -13.491962
                   114.7                       -13.42994
                   114.8                      -13.368653
                   114.9                      -13.308099
                     115                       -13.24828
                   115.1                      -13.189192
                   115.2                      -13.130833
                   115.3                      -13.073203
                   115.4                      -13.016296
                   115.5                      -12.960109
                   115.6                      -12.904639
                   115.7                       -12.84988
                   115.8                       -12.79583
                   115.9                      -12.742481
                     116                      -12.689829
                   116.1                      -12.637869
                   116.2                      -12.586595
                   116.3                      -12.536001
                   116.4                       -12.48608
                   116.5                      -12.436829
                   116.6                      -12.388238
                   116.7                      -12.340303
                   116.8                      -12.293016
                   116.9                      -12.246372
                     117                      -12.200364
                   117.1                      -12.154983
                   117.2                      -12.110226
                   117.3                      -12.066084
                   117.4                      -12.022552
                   117.5                      -11.979621
                   117.6                      -11.937285
                   117.7                      -11.895538
                   117.8                      -11.854373
                   117.9                      -11.813784
                     118                      -11.773762
                   118.1                      -11.734303
                   118.2                        -11.6954
                   118.3                      -11.657046
                   118.4                      -11.619235
                   118.5                       -11.58196
                   118.6                      -11.545215
                   118.7                      -11.508993
                   118.8                      -11.473289
                   118.9                      -11.438097
                     119                      -11.403411
                   119.1                      -11.369223
                   119.2                      -11.335531
                   119.3                      -11.302325
                   119.4                      -11.269601
                   119.5                      -11.237354
                   119.6                      -11.205578
                   119.7                      -11.174267
                   119.8                      -11.143416
                   119.9                       -11.11302
                     120                      -11.083071
                   120.1                      -11.053568
                   120.2                      -11.024503
                   120.3                      -10.995872
                   120.4                      -10.967669
                   120.5                       -10.93989
                   120.6                      -10.912528
                   120.7                      -10.885582
                   120.8                      -10.859043
                   120.9                       -10.83291
                     121                      -10.807176
                   121.1                      -10.781837
                   121.2                      -10.756888
                   121.3                      -10.732325
                   121.4                      -10.708144
                   121.5                       -10.68434
                   121.6                       -10.66091
                   121.7                      -10.637847
                   121.8                       -10.61515
                   121.9                      -10.592813
                     122                      -10.570833
                   122.1                      -10.549205
                   122.2                      -10.527926
                   122.3                      -10.506994
                   122.4                      -10.486402
                   122.5                      -10.466147
                   122.6                      -10.446226
                   122.7                      -10.426637
                   122.8                      -10.407374
                   122.9                      -10.388434
                     123                      -10.369814
                   123.1                      -10.351512
                   123.2                      -10.333523
                   123.3                      -10.315846
                   123.4                      -10.298474
                   123.5                      -10.281408
                   123.6                      -10.264643
                   123.7                      -10.248176
                   123.8                      -10.232004
                   123.9                      -10.216125
                     124                      -10.200535
                   124.1                      -10.185232
                   124.2                      -10.170214
                   124.3                      -10.155475
                   124.4                      -10.141016
                   124.5                      -10.126833
                   124.6                      -10.112923
                   124.7                      -10.099284
                   124.8                      -10.085913
                   124.9                      -10.072808
                     125                      -10.059965
                   125.1                      -10.047383
                   125.2                       -10.03506
                   125.3                      -10.022993
                   125.4                       -10.01118
                   125.5                       -9.999618
                   125.6                      -9.9883057
                   125.7                      -9.9772395
                   125.8                       -9.966419
                   125.9                      -9.9558411
                     126                      -9.9455031
                   126.1                      -9.9354047
                   126.2                       -9.925542
                   126.3                      -9.9159149
                   126.4                      -9.9065201
                   126.5                      -9.8973559
                   126.6                      -9.8884206
                   126.7                      -9.8797123
                   126.8                      -9.8712297
                   126.9                      -9.8629714
                     127                      -9.8549345
                   127.1                      -9.8471178
                   127.2                      -9.8395204
                   127.3                      -9.8321395
                   127.4                      -9.8249738
                   127.5                      -9.8180227
                   127.6                      -9.8112835
                   127.7                       -9.804756
                   127.8                      -9.7984364
                   127.9                      -9.7923257
                     128                      -9.7864211
               128.10001                      -9.7807223
                   128.2                       -9.775226
                   128.3                      -9.7699329
               128.39999                       -9.764839
                   128.5                      -9.7599465
               128.60001                       -9.755251
                   128.7                      -9.7507525
                   128.8                      -9.7464507
               128.89999                      -9.7423421
                     129                      -9.7384267
               129.10001                      -9.7347034
                   129.2                      -9.7311704
                   129.3                      -9.7278267
               129.39999                      -9.7246718
                   129.5                      -9.7217038
               129.60001                      -9.7189214
                   129.7                       -9.716324
                   129.8                        -9.71391
               129.89999                      -9.7116792
                     130                      -9.7096307
               130.10001                      -9.7077621
                   130.2                      -9.7060742
                   130.3                      -9.7045637
               130.39999                      -9.7032325
                   130.5                      -9.7020778
               130.60001                      -9.7010994
                   130.7                      -9.7002959
                   130.8                      -9.6996671
               130.89999                      -9.6992123
                     131                      -9.6989302
               131.10001                      -9.6988201
                   131.2                       -9.698882
                   131.3                      -9.6991147
               131.39999                      -9.6995165
                   131.5                      -9.7000882
               131.60001                      -9.7008276
                   131.7                      -9.7017348
                   131.8                      -9.7028106
               131.89999                       -9.704052
                     132                      -9.7054599
               132.10001                      -9.7070324
                   132.2                      -9.7087702
                   132.3                      -9.7106712
               132.39999                      -9.7127355
                   132.5                      -9.7149632
               132.60001                      -9.7173525
                   132.7                      -9.7199036
                   132.8                      -9.7226154
               132.89999                      -9.7254872
                     133                      -9.7285202
               133.10001                      -9.7317117
                   133.2                      -9.7350616
                   133.3                      -9.7385706
               133.39999                      -9.7422361
                   133.5                      -9.7460602
               133.60001                      -9.7500399
                   133.7                      -9.7541769
                   133.8                      -9.7584694
               133.89999                      -9.7629175
                     134                      -9.7675204
               134.10001                      -9.7722787
                   134.2                      -9.7771918
                   134.3                      -9.7822587
               134.39999                      -9.7874798
                   134.5                      -9.7928551
               134.60001                       -9.798383
                   134.7                      -9.8040645
                   134.8                      -9.8098979
               134.89999                       -9.815886
                     135                      -9.8220254
               135.10001                      -9.8283171
                   135.2                      -9.8347618
                   135.3                      -9.8413596
               135.39999                      -9.8481075
                   135.5                      -9.8550087
               135.60001                      -9.8620604
                   135.7                      -9.8692642
                   135.8                      -9.8766201
               135.89999                      -9.8841263
                     136                      -9.8917839
               136.10001                      -9.8995926
                   136.2                      -9.9075527
                   136.3                      -9.9156625
               136.39999                      -9.9239231
                   136.5                      -9.9323345
               136.60001                      -9.9408963
                   136.7                      -9.9496085
                   136.8                      -9.9584715
               136.89999                      -9.9674833
                     137                      -9.9766457
               137.10001                      -9.9859576
                   137.2                      -9.9954208
                   137.3                      -10.005033
               137.39999                      -10.014796
                   137.5                      -10.024708
               137.60001                      -10.034771
                   137.7                      -10.044984
                   137.8                      -10.055348
               137.89999                      -10.065862
                     138                      -10.076528
               138.10001                      -10.087344
                   138.2                      -10.098311
                   138.3                      -10.109432
               138.39999                      -10.120702
                   138.5                      -10.132128
               138.60001                      -10.143705
                   138.7                      -10.155434
                   138.8                      -10.167319
               138.89999                      -10.179358
                     139                      -10.191551
               139.10001                        -10.2039
                   139.2                      -10.216404
                   139.3                      -10.229064
               139.39999                       -10.24188
                   139.5                      -10.254854
               139.60001                      -10.267985
                   139.7                      -10.281273
                   139.8                      -10.294719
               139.89999                      -10.308323
                     140                      -10.322086
               140.10001                      -10.336008
                   140.2                      -10.350089
                   140.3                      -10.364328
               140.39999                      -10.378727
                   140.5                      -10.393285
               140.60001                      -10.408001
                   140.7                      -10.422878
                   140.8                      -10.437914
               140.89999                      -10.453109
                     141                      -10.468462
               141.10001                      -10.483974
                   141.2                      -10.499646
                   141.3                      -10.515476
               141.39999                      -10.531465
                   141.5                      -10.547612
               141.60001                      -10.563918
                   141.7                      -10.580381
                   141.8                      -10.597004
               141.89999                      -10.613784
                     142                      -10.630723
               142.10001                      -10.647821
                   142.2                      -10.665076
                   142.3                      -10.682492
               142.39999                      -10.700066
                   142.5                        -10.7178
               142.60001                      -10.735693
                   142.7                      -10.753747
                   142.8                      -10.771963
               142.89999                      -10.790339
                     143                       -10.80888
               143.10001                      -10.827583
                   143.2                       -10.84645
                   143.3                      -10.865482
               143.39999                       -10.88468
                   143.5                      -10.904045
               143.60001                      -10.923579
                   143.7                      -10.943282
                   143.8                      -10.963156
               143.89999                      -10.983201
                     144                       -11.00342
               144.10001                      -11.023812
                   144.2                      -11.044381
                   144.3                      -11.065126
               144.39999                       -11.08605
                   144.5                      -11.107152
               144.60001                      -11.128436
                   144.7                      -11.149902
                   144.8                      -11.171551
               144.89999                      -11.193385
                     145                      -11.215404
               145.10001                       -11.23761
                   145.2                      -11.260004
                   145.3                      -11.282588
               145.39999                      -11.305362
                   145.5                      -11.328328
               145.60001                      -11.351486
                   145.7                      -11.374836
                   145.8                      -11.398383
               145.89999                      -11.422126
                     146                      -11.446066
               146.10001                      -11.470204
                   146.2                       -11.49454
                   146.3                      -11.519076
               146.39999                      -11.543815
                   146.5                      -11.568756
               146.60001                        -11.5939
                   146.7                      -11.619248
                   146.8                      -11.644804
               146.89999                      -11.670566
                     147                      -11.696537
               147.10001                      -11.722717
                   147.2                      -11.749108
                   147.3                      -11.775712
               147.39999                       -11.80253
                   147.5                      -11.829563
               147.60001                      -11.856813
                   147.7                       -11.88428
                   147.8                      -11.911969
               147.89999                      -11.939878
                     148                      -11.968011
               148.10001                      -11.996367
                   148.2                       -12.02495
                   148.3                      -12.053762
               148.39999                      -12.082803
                   148.5                      -12.112075
               148.60001                      -12.141581
                   148.7                      -12.171323
                   148.8                      -12.201301
               148.89999                      -12.231518
                     149                      -12.261976
               149.10001                      -12.292676
                   149.2                      -12.323621
                   149.3                      -12.354813
               149.39999                      -12.386252
                   149.5                      -12.417942
               149.60001                      -12.449884
                   149.7                      -12.482081
                   149.8                      -12.514533
               149.89999                      -12.547243
                     150                      -12.580215
               150.10001                       -12.61345
                   150.2                      -12.646948
                   150.3                      -12.680714
               150.39999                      -12.714749
                   150.5                      -12.749055
               150.60001                      -12.783635
                   150.7                      -12.818491
                   150.8                      -12.853627
               150.89999                      -12.889043
                     151                      -12.924742
               151.10001                      -12.960727
                   151.2                      -12.997002
                   151.3                      -13.033568
               151.39999                      -13.070427
                   151.5                      -13.107584
               151.60001                      -13.145041
                   151.7                        -13.1828
                   151.8                      -13.220865
               151.89999                      -13.259238
                     152                      -13.297925
               152.10001                      -13.336925
                   152.2                      -13.376243
                   152.3                      -13.415883
               152.39999                      -13.455847
                   152.5                      -13.496139
               152.60001                      -13.536762
                   152.7                       -13.57772
                   152.8                      -13.619017
               152.89999                      -13.660654
                     153                      -13.702637
               153.10001                       -13.74497
                   153.2                      -13.787655
                   153.3                      -13.830697
               153.39999                      -13.874097
                   153.5                      -13.917864
               153.60001                      -13.961997
                   153.7                      -14.006503
                   153.8                      -14.051386
               153.89999                      -14.096649
                     154                      -14.142296
               154.10001                      -14.188333
                   154.2                      -14.234762
                   154.3                       -14.28159
               154.39999                      -14.328821
                   154.5                      -14.376459
               154.60001                      -14.424509
                   154.7                      -14.472975
                   154.8                      -14.521865
               154.89999                      -14.571181
                     155                      -14.620929
               155.10001                      -14.671115
                   155.2                      -14.721745
                   155.3                      -14.772822
               155.39999                      -14.824355
                   155.5                      -14.876347
               155.60001                      -14.928806
                   155.7                      -14.981737
                   155.8                      -15.035146
               155.89999                       -15.08904
                     156                      -15.143425
               156.10001                      -15.198309
                   156.2                      -15.253696
                   156.3                      -15.309595
               156.39999                      -15.366013
                   156.5                      -15.422955
               156.60001                      -15.480431
                   156.7                      -15.538448
                   156.8                      -15.597011
               156.89999                       -15.65613
                     157                      -15.715813
               157.10001                      -15.776068
                   157.2                      -15.836902
                   157.3                      -15.898324
               157.39999                      -15.960343
                   157.5                      -16.022969
               157.60001                      -16.086208
                   157.7                      -16.150073
                   157.8                      -16.214571
               157.89999                      -16.279711
                     158                      -16.345505
               158.10001                      -16.411961
                   158.2                      -16.479092
                   158.3                      -16.546906
               158.39999                      -16.615416
                   158.5                      -16.684633
               158.60001                      -16.754567
                   158.7                       -16.82523
                   158.8                      -16.896635
               158.89999                      -16.968795
                     159                      -17.041721
               159.10001                      -17.115428
                   159.2                      -17.189926
                   159.3                      -17.265233
               159.39999                      -17.341361
                   159.5                      -17.418326
               159.60001                      -17.496139
                   159.7                      -17.574819
                   159.8                       -17.65438
               159.89999                      -17.734839
                     160                      -17.816212
               160.10001                      -17.898515
                   160.2                      -17.981767
                   160.3                      -18.065986
               160.39999                      -18.151189
                   160.5                      -18.237396
               160.60001                      -18.324625
                   160.7                      -18.412899
                   160.8                      -18.502234
               160.89999                      -18.592655
                     161                      -18.684182
               161.10001                      -18.776836
                   161.2                      -18.870642
                   161.3                      -18.965622
               161.39999                      -19.061802
                   161.5                      -19.159206
               161.60001                       -19.25786
                   161.7                      -19.357789
                   161.8                      -19.459022
               161.89999                      -19.561587
                     162                      -19.665512
               162.10001                      -19.770827
                   162.2                      -19.877563
                   162.3                      -19.985751
               162.39999                      -20.095426
                   162.5                      -20.206619
               162.60001                      -20.319366
                   162.7                      -20.433702
                   162.8                      -20.549663
               162.89999                      -20.667289
                     163                      -20.786619
               163.10001                      -20.907691
                   163.2                      -21.030548
                   163.3                      -21.155232
               163.39999                      -21.281788
                   163.5                      -21.410259
               163.60001                      -21.540693
                   163.7                      -21.673139
                   163.8                      -21.807643
               163.89999                      -21.944256
                     164                       -22.08303
               164.10001                      -22.224017
                   164.2                      -22.367272
                   164.3                      -22.512847
               164.39999                      -22.660801
                   164.5                       -22.81119
               164.60001                      -22.964071
                   164.7                      -23.119502
                   164.8                      -23.277545
               164.89999                      -23.438256
                     165                      -23.601695
               165.10001                       -23.76792
                   165.2                      -23.936992
                   165.3                      -24.108965
               165.39999                      -24.283897
                   165.5                      -24.461838
               165.60001                       -24.64284
                   165.7                      -24.826947
                   165.8                      -25.014199
               165.89999                       -25.20463
                     166                      -25.398265
               166.10001                      -25.595118
                   166.2                      -25.795193
                   166.3                      -25.998477
               166.39999                       -26.20494
                   166.5                       -26.41453
               166.60001                      -26.627172
                   166.7                      -26.842756
                   166.8                      -27.061142
               166.89999                      -27.282143
                     167                       -27.50553
               167.10001                       -27.73101
                   167.2                      -27.958228
                   167.3                      -28.186753
               167.39999                      -28.416067
                   167.5                      -28.645557
               167.60001                      -28.874495
                   167.7                      -29.102034
                   167.8                      -29.327194
               167.89999                      -29.548851
                     168                      -29.765729
               168.10001                      -29.976397
                   168.2                      -30.179271
                   168.3                      -30.372625
               168.39999                      -30.554605
                   168.5                      -30.723263
               168.60001                      -30.876597
                   168.7                      -31.012608
                   168.8                      -31.129357
               168.89999                       -31.22505
                     169                      -31.298109
               169.10001                      -31.347249
                   169.2                      -31.371544
                   169.3                      -31.370484
               169.39999                      -31.343993
                   169.5                      -31.292442
               169.60001                      -31.216627
                   169.7                      -31.117719
                   169.8                       -30.99721
               169.89999                      -30.856831
                     170                      -30.698481
               170.10001                      -30.524148
                   170.2                      -30.335838
                   170.3                      -30.135524
               170.39999                      -29.925093
                   170.5                      -29.706316
               170.60001                      -29.480823
                   170.7                      -29.250099
                   170.8                       -29.01547
               170.89999                      -28.778106
                     171                      -28.539037
               171.10001                      -28.299151
                   171.2                      -28.059214
                   171.3                      -27.819875
               171.39999                      -27.581682
                   171.5                      -27.345095
               171.60001                      -27.110492
                   171.7                      -26.878186
                   171.8                      -26.648426
               171.89999                      -26.421412
                     172                        -26.1973
               172.10001                      -25.976209
                   172.2                      -25.758225
                   172.3                      -25.543407
               172.39999                      -25.331792
                   172.5                      -25.123399
               172.60001                      -24.918229
                   172.7                      -24.716272
                   172.8                      -24.517505
               172.89999                      -24.321899
                     173                      -24.129415
               173.10001                       -23.94001
                   173.2                      -23.753634
                   173.3                      -23.570238
               173.39999                      -23.389765
                   173.5                       -23.21216
               173.60001                      -23.037364
                   173.7                      -22.865319
                   173.8                      -22.695966
               173.89999                      -22.529247
                     174                        -22.3651
               174.10001                      -22.203467
                   174.2                      -22.044293
                   174.3                      -21.887517
               174.39999                      -21.733085
                   174.5                      -21.580941
               174.60001                      -21.431031
                   174.7                      -21.283301
                   174.8                      -21.137701
               174.89999                      -20.994179
                     175                      -20.852687
               175.10001                      -20.713176
                   175.2                        -20.5756
                   175.3                      -20.439914
               175.39999                      -20.306072
                   175.5                      -20.174032
               175.60001                      -20.043753
                   175.7                      -19.915194
                   175.8                      -19.788315
               175.89999                      -19.663079
                     176                      -19.539447
               176.10001                      -19.417385
                   176.2                      -19.296858
                   176.3                      -19.177831
               176.39999                      -19.060271
                   176.5                      -18.944148
               176.60001                      -18.829429
                   176.7                      -18.716086
                   176.8                      -18.604087
               176.89999                      -18.493406
                     177                      -18.384015
               177.10001                      -18.275888
                   177.2                      -18.168997
                   177.3                      -18.063318
               177.39999                      -17.958826
                   177.5                      -17.855499
               177.60001                      -17.753311
                   177.7                      -17.652243
                   177.8                      -17.552269
               177.89999                      -17.453372
                     178                      -17.355528
               178.10001                      -17.258719
                   178.2                      -17.162923
                   178.3                      -17.068124
               178.39999                      -16.974301
                   178.5                      -16.881437
               178.60001                      -16.789515
                   178.7                      -16.698516
                   178.8                      -16.608426
               178.89999                      -16.519226
                     179                      -16.430902
               179.10001                      -16.343438
                   179.2                      -16.256819
                   179.3                      -16.171032
               179.39999                       -16.08606
                   179.5                      -16.001891
               179.60001                      -15.918512
                   179.7                      -15.835907
                   179.8                      -15.754066
               179.89999                      -15.672977
                     180                      -15.592626
               180.10001                      -15.513002
                   180.2                      -15.434093
                   180.3                      -15.355888
               180.39999                      -15.278375
                   180.5                      -15.201545
               180.60001                      -15.125388
                   180.7                      -15.049892
                   180.8                      -14.975046
               180.89999                      -14.900843
                     181                      -14.827272
               181.10001                      -14.754324
                   181.2                      -14.681991
                   181.3                      -14.610261
               181.39999                      -14.539128
                   181.5                      -14.468582
               181.60001                      -14.398615
                   181.7                       -14.32922
                   181.8                      -14.260387
               181.89999                       -14.19211
                     182                      -14.124379
               182.10001                      -14.057189
                   182.2                      -13.990531
                   182.3                      -13.924398
               182.39999                      -13.858783
                   182.5                      -13.793679
               182.60001                       -13.72908
                   182.7                      -13.664978
                   182.8                      -13.601367
               182.89999                      -13.538241
                     183                      -13.475594
               183.10001                      -13.413419
                   183.2                       -13.35171
                   183.3                      -13.290462
               183.39999                      -13.229668
                   183.5                      -13.169324
               183.60001                      -13.109423
                   183.7                       -13.04996
                   183.8                      -12.990931
               183.89999                      -12.932329
                     184                       -12.87415
               184.10001                      -12.816389
                   184.2                      -12.759041
                   184.3                        -12.7021
               184.39999                      -12.645563
                   184.5                      -12.589424
               184.60001                      -12.533681
                   184.7                      -12.478327
                   184.8                      -12.423358
               184.89999                       -12.36877
                     185                       -12.31456
               185.10001                      -12.260722
                   185.2                      -12.207253
                   185.3                      -12.154148
               185.39999                      -12.101404
                   185.5                      -12.049017
               185.60001                      -11.996982
                   185.7                      -11.945298
                   185.8                      -11.893958
               185.89999                      -11.842959
                     186                        -11.7923
               186.10001                      -11.741974
                   186.2                      -11.691979
                   186.3                      -11.642312
               186.39999                       -11.59297
                   186.5                      -11.543947
               186.60001                      -11.495243
                   186.7                      -11.446853
                   186.8                      -11.398774
               186.89999                      -11.351003
                     187                      -11.303537
               187.10001                      -11.256373
                   187.2                      -11.209508
                   187.3                      -11.162939
               187.39999                      -11.116664
                   187.5                      -11.070679
               187.60001                      -11.024982
                   187.7                       -10.97957
                   187.8                       -10.93444
               187.89999                       -10.88959
                     188                      -10.845018
               188.10001                      -10.800721
                   188.2                      -10.756696
                   188.3                       -10.71294
               188.39999                      -10.669452
                   188.5                       -10.62623
               188.60001                      -10.583269
                   188.7                      -10.540571
                   188.8                       -10.49813
               188.89999                      -10.455944
                     189                      -10.414013
               189.10001                      -10.372333
                   189.2                      -10.330901
                   189.3                      -10.289717
               189.39999                      -10.248778
                   189.5                      -10.208082
               189.60001                      -10.167626
                   189.7                      -10.127409
                   189.8                      -10.087428
               189.89999                      -10.047682
                     190                      -10.008169
               190.10001                      -9.9688854
                   190.2                       -9.929831
                   190.3                      -9.8910031
               190.39999                      -9.8523997
                   190.5                      -9.8140191
               190.60001                      -9.7758597
                   190.7                      -9.7379184
                   190.8                      -9.7001952
               190.89999                      -9.6626883
                     191                      -9.6253942
               191.10001                      -9.5883126
                   191.2                      -9.5514423
                   191.3                      -9.5147799
               191.39999                      -9.4783259
                   191.5                      -9.4420764
               191.60001                      -9.4060317
                   191.7                      -9.3701903
                   191.8                      -9.3345483
               191.89999                      -9.2991079
                     192                      -9.2638639
               192.10001                      -9.2288177
                   192.2                      -9.1939666
                   192.3                      -9.1593092
               192.39999                      -9.1248451
                   192.5                      -9.0905708
               192.60001                      -9.0564877
                   192.7                       -9.022591
                   192.8                      -8.9888825
               192.89999                      -8.9553587
                     193                      -8.9220198
               193.10001                      -8.8888633
                   193.2                      -8.8558884
                   193.3                      -8.8230936
               193.39999                      -8.7904771
                   193.5                      -8.7580382
               193.60001                      -8.7257754
                   193.7                      -8.6936875
                   193.8                      -8.6617725
               193.89999                      -8.6300313
                     194                      -8.5984596
               194.10001                      -8.5670573
                   194.2                      -8.5358242
                   194.3                      -8.5047587
               194.39999                      -8.4738581
                   194.5                      -8.4431228
               194.60001                      -8.4125515
                   194.7                      -8.3821427
                   194.8                       -8.351895
               194.89999                      -8.3218071
                     195                      -8.2918795
               195.10001                      -8.2621095
                   195.2                      -8.2324972
                   195.3                      -8.2030406
               195.39999                      -8.1737396
                   195.5                      -8.1445917
               195.60001                      -8.1155983
                   195.7                      -8.0867561
                   195.8                      -8.0580664
               195.89999                      -8.0295261
                     196                       -8.001136
               196.10001                      -7.9728935
                   196.2                      -7.9447994
                   196.3                      -7.9168518
               196.39999                      -7.8890497
                   196.5                      -7.8613917
               196.60001                      -7.8338783
                   196.7                      -7.8065081
                   196.8                       -7.779279
               196.89999                      -7.7521922
                     197                      -7.7252443
               197.10001                      -7.6984361
                   197.2                       -7.671766
                   197.3                      -7.6452329
               197.39999                      -7.6188365
                   197.5                      -7.5925752
               197.60001                      -7.5664494
                   197.7                      -7.5404555
                   197.8                      -7.5145952
               197.89999                      -7.4888664
                     198                      -7.4632687
               198.10001                      -7.4378007
                   198.2                      -7.4124622
                   198.3                      -7.3872517
               198.39999                      -7.3621685
                   198.5                      -7.3372129
               198.60001                      -7.3123816
                   198.7                      -7.2876759
                   198.8                      -7.2630949
               198.89999                      -7.2386383
                     199                      -7.2143032
               199.10001                      -7.1900912
                   199.2                      -7.1660003
                   199.3                      -7.1420305
               199.39999                      -7.1181805
                   199.5                      -7.0944501
               199.60001                      -7.0708399
                   199.7                      -7.0473469
                   199.8                       -7.023971
               199.89999                      -7.0007133
                     200                      -6.9775703

