        Frequency / MHz                S1,1/arg,degrees
----------------------------------------------------------------------
                     100                       179.48648
                   100.1                       178.78188
                   100.2                       178.07227
                   100.3                       177.35751
                   100.4                       176.63746
                   100.5                       175.91197
                   100.6                       175.18088
                   100.7                       174.44402
                   100.8                        173.7012
                   100.9                       172.95227
                     101                       172.19702
                   101.1                       171.43528
                   101.2                        170.6668
                   101.3                       169.89139
                   101.4                       169.10883
                   101.5                       168.31887
                   101.6                       167.52128
                   101.7                       166.71578
                   101.8                       165.90213
                   101.9                       165.08004
                     102                       164.24925
                   102.1                       163.40944
                   102.2                       162.56029
                   102.3                        161.7015
                   102.4                       160.83273
                   102.5                       159.95363
                   102.6                       159.06386
                   102.7                       158.16303
                   102.8                       157.25076
                   102.9                       156.32668
                     103                       155.39034
                   103.1                       154.44134
                   103.2                       153.47927
                   103.3                       152.50364
                   103.4                       151.51403
                   103.5                       150.50995
                   103.6                        149.4909
                   103.7                       148.45642
                   103.8                       147.40596
                   103.9                       146.33906
                     104                       145.25511
                   104.1                       144.15366
                   104.2                       143.03411
                   104.3                       141.89591
                   104.4                       140.73852
                   104.5                        139.5614
                   104.6                       138.36397
                   104.7                       137.14568
                   104.8                       135.90597
                   104.9                       134.64431
                     105                       133.36018
                   105.1                       132.05306
                   105.2                       130.72247
                   105.3                       129.36795
                   105.4                       127.98906
                   105.5                       126.58544
                   105.6                       125.15673
                   105.7                       123.70265
                   105.8                       122.22297
                   105.9                       120.71754
                     106                       119.18629
                   106.1                       117.62923
                   106.2                       116.04646
                   106.3                       114.43818
                   106.4                       112.80472
                   106.5                        111.1465
                   106.6                       109.46409
                   106.7                       107.75819
                   106.8                       106.02962
                   106.9                       104.27937
                     107                       102.50854
                   107.1                       100.71841
                   107.2                       98.910347
                   107.3                       97.085907
                   107.4                       95.246763
                   107.5                       93.394709
                   107.6                       91.531645
                   107.7                         89.6596
                   107.8                       87.780656
                   107.9                       85.896985
                     108                       84.010821
                   108.1                       82.124344
                   108.2                       80.239942
                   108.3                       78.359817
                   108.4                        76.48622
                   108.5                       74.621292
                   108.6                        72.76723
                   108.7                       70.926107
                   108.8                       69.099746
                   108.9                       67.290177
                     109                       65.498918
                   109.1                       63.727735
                   109.2                       61.978044
                   109.3                       60.251176
                   109.4                       58.548233
                   109.5                       56.870316
                   109.6                       55.218281
                   109.7                       53.592911
                   109.8                       51.994767
                   109.9                       50.424452
                     110                       48.882218
                   110.1                        47.36836
                   110.2                       45.883013
                   110.3                       44.426223
                   110.4                        42.99794
                   110.5                       41.598036
                   110.6                       40.226337
                   110.7                       38.882583
                   110.8                       37.566351
                   110.9                       36.277363
                     111                       35.015166
                   111.1                       33.779316
                   111.2                       32.569316
                   111.3                       31.384658
                   111.4                        30.22481
                   111.5                       29.089228
                   111.6                       27.977355
                   111.7                       26.888616
                   111.8                       25.822445
                   111.9                        24.77827
                     112                       23.755516
                   112.1                       22.753623
                   112.2                       21.772014
                   112.3                       20.810141
                   112.4                        19.86745
                   112.5                       18.943403
                   112.6                       18.037469
                   112.7                       17.149129
                   112.8                       16.277872
                   112.9                       15.423196
                     113                        14.58463
                   113.1                       13.761688
                   113.2                       12.953917
                   113.3                       12.160871
                   113.4                        11.38211
                   113.5                       10.617214
                   113.6                       9.8657745
                   113.7                       9.1273912
                   113.8                       8.4016831
                   113.9                       7.6882732
                     114                       6.9868039
                   114.1                       6.2969233
                   114.2                       5.6182942
                   114.3                       4.9505895
                   114.4                       4.2934929
                   114.5                       3.6466999
                   114.6                       3.0099157
                   114.7                        2.382855
                   114.8                        1.765243
                   114.9                       1.1568147
                     115                      0.55731382
                   115.1                    -0.033506692
                   115.2                      -0.6158853
                   115.3                      -1.1900522
                   115.4                       -1.756229
                   115.5                      -2.3146304
                   115.6                      -2.8654629
                   115.7                       -3.408926
                   115.8                      -3.9452126
                   115.9                      -4.4745084
                     116                      -4.9969929
                   116.1                      -5.5128411
                   116.2                      -6.0222199
                   116.3                      -6.5252914
                   116.4                      -7.0222134
                   116.5                      -7.5131384
                   116.6                      -7.9982123
                   116.7                      -8.4775782
                   116.8                       -8.951375
                   116.9                      -9.4197348
                     117                      -9.8827891
                   117.1                      -10.340664
                   117.2                      -10.793481
                   117.3                      -11.241361
                   117.4                      -11.684415
                   117.5                      -12.122757
                   117.6                      -12.556496
                   117.7                      -12.985735
                   117.8                      -13.410578
                   117.9                      -13.831126
                     118                      -14.247469
                   118.1                      -14.659706
                   118.2                      -15.067927
                   118.3                      -15.472217
                   118.4                      -15.872663
                   118.5                      -16.269348
                   118.6                      -16.662347
                   118.7                      -17.051745
                   118.8                      -17.437611
                   118.9                       -17.82002
                     119                      -18.199045
                   119.1                      -18.574748
                   119.2                      -18.947202
                   119.3                      -19.316468
                   119.4                      -19.682607
                   119.5                      -20.045684
                   119.6                      -20.405751
                   119.7                      -20.762869
                   119.8                      -21.117094
                   119.9                       -21.46848
                     120                      -21.817077
                   120.1                      -22.162938
                   120.2                      -22.506115
                   120.3                      -22.846654
                   120.4                      -23.184602
                   120.5                      -23.520009
                   120.6                      -23.852915
                   120.7                      -24.183369
                   120.8                      -24.511412
                   120.9                      -24.837094
                     121                      -25.160445
                   121.1                      -25.481515
                   121.2                      -25.800342
                   121.3                      -26.116959
                   121.4                      -26.431413
                   121.5                       -26.74374
                   121.6                      -27.053974
                   121.7                       -27.36215
                   121.8                      -27.668305
                   121.9                      -27.972478
                     122                      -28.274698
                   122.1                       -28.57499
                   122.2                      -28.873398
                   122.3                      -29.169944
                   122.4                      -29.464667
                   122.5                      -29.757591
                   122.6                       -30.04874
                   122.7                      -30.338151
                   122.8                      -30.625846
                   122.9                      -30.911848
                     123                      -31.196188
                   123.1                      -31.478888
                   123.2                       -31.75998
                   123.3                      -32.039476
                   123.4                      -32.317404
                   123.5                      -32.593789
                   123.6                      -32.868643
                   123.7                      -33.142002
                   123.8                      -33.413881
                   123.9                      -33.684298
                     124                      -33.953273
                   124.1                      -34.220836
                   124.2                      -34.486993
                   124.3                      -34.751776
                   124.4                      -35.015199
                   124.5                      -35.277279
                   124.6                      -35.538038
                   124.7                      -35.797494
                   124.8                      -36.055658
                   124.9                      -36.312564
                     125                      -36.568223
                   125.1                      -36.822644
                   125.2                      -37.075855
                   125.3                      -37.327867
                   125.4                      -37.578707
                   125.5                      -37.828375
                   125.6                      -38.076902
                   125.7                      -38.324292
                   125.8                      -38.570567
                   125.9                      -38.815748
                     126                      -39.059836
                   126.1                      -39.302855
                   126.2                      -39.544818
                   126.3                      -39.785735
                   126.4                      -40.025627
                   126.5                      -40.264496
                   126.6                      -40.502362
                   126.7                      -40.739234
                   126.8                      -40.975126
                   126.9                      -41.210048
                     127                      -41.444019
                   127.1                      -41.677038
                   127.2                      -41.909119
                   127.3                      -42.140275
                   127.4                      -42.370519
                   127.5                      -42.599865
                   127.6                      -42.828314
                   127.7                      -43.055873
                   127.8                      -43.282567
                   127.9                      -43.508397
                     128                      -43.733375
               128.10001                      -43.957502
                   128.2                      -44.180803
                   128.3                      -44.403283
               128.39999                      -44.624944
                   128.5                      -44.845805
               128.60001                      -45.065875
                   128.7                      -45.285154
                   128.8                      -45.503668
               128.89999                      -45.721413
                     129                      -45.938398
               129.10001                      -46.154646
                   129.2                      -46.370147
                   129.3                      -46.584923
               129.39999                      -46.798982
                   129.5                      -47.012324
               129.60001                      -47.224969
                   129.7                      -47.436915
                   129.8                      -47.648178
               129.89999                      -47.858761
                     130                      -48.068671
               130.10001                      -48.277913
                   130.2                      -48.486501
                   130.3                      -48.694443
               130.39999                      -48.901734
                   130.5                      -49.108389
               130.60001                      -49.314417
                   130.7                      -49.519813
                   130.8                      -49.724593
               130.89999                      -49.928761
                     131                      -50.132321
               131.10001                      -50.335275
                   131.2                      -50.537641
                   131.3                      -50.739412
               131.39999                      -50.940603
                   131.5                       -51.14121
               131.60001                      -51.341248
                   131.7                      -51.540715
                   131.8                      -51.739618
               131.89999                      -51.937985
                     132                      -52.135769
               132.10001                      -52.333036
                   132.2                      -52.529751
                   132.3                       -52.72592
               132.39999                      -52.921599
                   132.5                      -53.116726
               132.60001                      -53.311336
                   132.7                      -53.505458
                   132.8                      -53.699066
               132.89999                      -53.892179
                     133                      -54.084807
               133.10001                      -54.276907
                   133.2                       -54.46856
                   133.3                      -54.659727
               133.39999                      -54.850427
                   133.5                      -55.040644
               133.60001                      -55.230404
                   133.7                      -55.419705
                   133.8                      -55.608547
               133.89999                      -55.796931
                     134                      -55.984889
               134.10001                      -56.172391
                   134.2                      -56.359431
                   134.3                      -56.546077
               134.39999                      -56.732264
                   134.5                      -56.918027
               134.60001                      -57.103359
                   134.7                      -57.288297
                   134.8                      -57.472775
               134.89999                      -57.656859
                     135                      -57.840517
               135.10001                      -58.023802
                   135.2                      -58.206636
                   135.3                      -58.389097
               135.39999                      -58.571133
                   135.5                      -58.752805
               135.60001                      -58.934045
                   135.7                      -59.114924
                   135.8                      -59.295406
               135.89999                      -59.475518
                     136                      -59.655263
               136.10001                      -59.834616
                   136.2                      -60.013598
                   136.3                      -60.192218
               136.39999                       -60.37047
                   136.5                      -60.548358
               136.60001                      -60.725893
                   136.7                      -60.903074
                   136.8                      -61.079909
               136.89999                      -61.256396
                     137                      -61.432534
               137.10001                      -61.608332
                   137.2                      -61.783801
                   137.3                      -61.958926
               137.39999                      -62.133726
                   137.5                      -62.308187
               137.60001                      -62.482333
                   137.7                      -62.656146
                   137.8                       -62.82964
               137.89999                      -63.002813
                     138                      -63.175664
               138.10001                      -63.348202
                   138.2                      -63.520417
                   138.3                      -63.692327
               138.39999                      -63.863922
                   138.5                      -64.035204
               138.60001                      -64.206176
                   138.7                      -64.376842
                   138.8                      -64.547193
               138.89999                      -64.717237
                     139                      -64.886967
               139.10001                      -65.056405
                   139.2                      -65.225527
                   139.3                      -65.394343
               139.39999                      -65.562849
                   139.5                      -65.731049
               139.60001                      -65.898944
                   139.7                      -66.066529
                   139.8                      -66.233807
               139.89999                      -66.400771
                     140                      -66.567435
               140.10001                       -66.73379
                   140.2                      -66.899831
                   140.3                      -67.065573
               140.39999                      -67.230994
                   140.5                      -67.396113
               140.60001                      -67.560918
                   140.7                      -67.725416
                   140.8                      -67.889601
               140.89999                      -68.053484
                     141                      -68.217048
               141.10001                       -68.38031
                   141.2                      -68.543263
                   141.3                      -68.705911
               141.39999                      -68.868258
                   141.5                      -69.030298
               141.60001                      -69.192036
                   141.7                      -69.353475
                   141.8                       -69.51462
               141.89999                       -69.67547
                     142                      -69.836027
               142.10001                      -69.996299
                   142.2                       -70.15629
                   142.3                      -70.315993
               142.39999                      -70.475429
                   142.5                      -70.634586
               142.60001                       -70.79347
                   142.7                      -70.952095
                   142.8                      -71.110457
               142.89999                      -71.268565
                     143                      -71.426417
               143.10001                      -71.584017
                   143.2                       -71.74137
                   143.3                      -71.898484
               143.39999                      -72.055359
                   143.5                       -72.21199
               143.60001                      -72.368394
                   143.7                       -72.52456
                   143.8                      -72.680488
               143.89999                      -72.836194
                     144                      -72.991671
               144.10001                      -73.146914
                   144.2                      -73.301919
                   144.3                      -73.456705
               144.39999                      -73.611251
                   144.5                      -73.765573
               144.60001                      -73.919655
                   144.7                      -74.073504
                   144.8                      -74.227116
               144.89999                      -74.380479
                     145                      -74.533601
               145.10001                      -74.686487
                   145.2                      -74.839121
                   145.3                      -74.991503
               145.39999                      -75.143631
                   145.5                        -75.2955
               145.60001                      -75.447124
                   145.7                       -75.59848
                   145.8                      -75.749571
               145.89999                      -75.900408
                     146                      -76.050973
               146.10001                      -76.201272
                   146.2                      -76.351304
                   146.3                       -76.50107
               146.39999                      -76.650563
                   146.5                      -76.799782
               146.60001                      -76.948734
                   146.7                      -77.097413
                   146.8                       -77.24582
               146.89999                      -77.393952
                     147                       -77.54182
               147.10001                        -77.6894
                   147.2                      -77.836712
                   147.3                      -77.983759
               147.39999                      -78.130514
                   147.5                      -78.277008
               147.60001                      -78.423207
                   147.7                      -78.569148
                   147.8                      -78.714789
               147.89999                      -78.860156
                     148                      -79.005235
               148.10001                      -79.150022
                   148.2                      -79.294515
                   148.3                       -79.43872
               148.39999                      -79.582626
                   148.5                       -79.72623
               148.60001                      -79.869527
                   148.7                      -80.012518
                   148.8                      -80.155186
               148.89999                      -80.297547
                     149                      -80.439581
               149.10001                      -80.581295
                   149.2                      -80.722672
                   149.3                       -80.86371
               149.39999                      -81.004418
                   149.5                      -81.144779
               149.60001                       -81.28479
                   149.7                       -81.42446
                   149.8                       -81.56377
               149.89999                      -81.702723
                     150                      -81.841314
               150.10001                      -81.979536
                   150.2                      -82.117405
                   150.3                      -82.254889
               150.39999                      -82.392005
                   150.5                      -82.528738
               150.60001                      -82.665089
                   150.7                      -82.801065
                   150.8                      -82.936645
               150.89999                      -83.071841
                     151                      -83.206635
               151.10001                      -83.341026
                   151.2                      -83.475007
                   151.3                      -83.608592
               151.39999                      -83.741746
                   151.5                      -83.874484
               151.60001                      -84.006791
                   151.7                      -84.138662
                   151.8                      -84.270095
               151.89999                      -84.401078
                     152                      -84.531603
               152.10001                      -84.661656
                   152.2                      -84.791246
                   152.3                       -84.92035
               152.39999                      -85.048956
                   152.5                      -85.177062
               152.60001                      -85.304664
                   152.7                      -85.431739
                   152.8                       -85.55829
               152.89999                      -85.684293
                     153                      -85.809743
               153.10001                      -85.934647
                   153.2                       -86.05897
                   153.3                      -86.182705
               153.39999                      -86.305867
                   153.5                      -86.428421
               153.60001                      -86.550361
                   153.7                      -86.671686
                   153.8                      -86.792375
               153.89999                      -86.912422
                     154                      -87.031821
               154.10001                       -87.15055
                   154.2                       -87.26861
                   154.3                      -87.385987
               154.39999                       -87.50266
                   154.5                      -87.618623
               154.60001                      -87.733862
                   154.7                      -87.848377
                   154.8                      -87.962127
               154.89999                      -88.075119
                     155                      -88.187325
               155.10001                      -88.298746
                   155.2                       -88.40934
                   155.3                      -88.519101
               155.39999                      -88.628022
                   155.5                      -88.736069
               155.60001                      -88.843228
                   155.7                      -88.949472
                   155.8                      -89.054786
               155.89999                      -89.159145
                     156                       -89.26252
               156.10001                      -89.364891
                   156.2                      -89.466237
                   156.3                      -89.566531
               156.39999                       -89.66574
                   156.5                      -89.763842
               156.60001                       -89.86081
                   156.7                       -89.95661
                   156.8                      -90.051229
               156.89999                      -90.144625
                     157                      -90.236764
               157.10001                      -90.327647
                   157.2                      -90.417184
                   157.3                      -90.505382
               157.39999                      -90.592235
                   157.5                      -90.677619
               157.60001                      -90.761603
                   157.7                      -90.844091
                   157.8                      -90.925056
               157.89999                      -91.004464
                     158                       -91.08228
               158.10001                      -91.158457
                   158.2                      -91.232981
                   158.3                       -91.30573
               158.39999                      -91.376716
                   158.5                      -91.445899
               158.60001                       -91.51319
                   158.7                      -91.578562
                   158.8                      -91.641946
               158.89999                      -91.703254
                     159                      -91.762492
               159.10001                      -91.819558
                   159.2                      -91.874363
                   159.3                      -91.926888
               159.39999                      -91.977001
                   159.5                      -92.024669
               159.60001                      -92.069803
                   159.7                      -92.112314
                   159.8                      -92.152106
               159.89999                      -92.189092
                     160                      -92.223215
               160.10001                      -92.254313
                   160.2                      -92.282324
                   160.3                      -92.307138
               160.39999                      -92.328653
                   160.5                      -92.346746
               160.60001                      -92.361308
                   160.7                      -92.372203
                   160.8                      -92.379313
               160.89999                      -92.382482
                     161                      -92.381566
               161.10001                      -92.376471
                   161.2                      -92.367011
                   161.3                      -92.353037
               161.39999                      -92.334329
                   161.5                      -92.310765
               161.60001                      -92.282174
                   161.7                      -92.248296
                   161.8                      -92.208995
               161.89999                      -92.163977
                     162                      -92.113106
               162.10001                      -92.056067
                   162.2                      -91.992621
                   162.3                      -91.922496
               162.39999                      -91.845438
                   162.5                      -91.761119
               162.60001                      -91.669198
                   162.7                      -91.569375
                   162.8                       -91.46128
               162.89999                      -91.344552
                     163                      -91.218727
               163.10001                      -91.083414
                   163.2                      -90.938177
                   163.3                       -90.78251
               163.39999                      -90.615881
                   163.5                      -90.437811
               163.60001                      -90.247686
                   163.7                      -90.044897
                   163.8                      -89.828777
               163.89999                      -89.598674
                     164                      -89.353826
               164.10001                      -89.093438
                   164.2                        -88.8167
                   164.3                      -88.522715
               164.39999                      -88.210527
                   164.5                      -87.879126
               164.60001                      -87.527419
                   164.7                      -87.154259
                   164.8                      -86.758402
               164.89999                      -86.338509
                     165                      -85.893167
               165.10001                      -85.420839
                   165.2                      -84.919899
                   165.3                      -84.388586
               165.39999                      -83.825019
                   165.5                      -83.227187
               165.60001                      -82.592915
                   165.7                      -81.919902
                   165.8                      -81.205649
               165.89999                      -80.447518
                     166                       -79.64267
               166.10001                      -78.788083
                   166.2                      -77.880564
                   166.3                      -76.916693
               166.39999                      -75.892895
                   166.5                      -74.805408
               166.60001                      -73.650285
                   166.7                      -72.423453
                   166.8                      -71.120738
               166.89999                       -69.73787
                     167                      -68.270617
               167.10001                      -66.714809
                   167.2                       -65.06646
                   167.3                      -63.321932
               167.39999                       -61.47802
                   167.5                      -59.532181
               167.60001                      -57.482735
                   167.7                      -55.329091
                   167.8                      -53.071949
               167.89999                      -50.713585
                     168                      -48.258044
               168.10001                      -45.711302
                   168.2                      -43.081419
                   168.3                      -40.378502
               168.39999                      -37.614673
                   168.5                      -34.803814
               168.60001                      -31.961297
                   168.7                      -29.103469
                   168.8                      -26.247207
               168.89999                      -23.409309
                     169                      -20.605976
               169.10001                      -17.852292
                   169.2                      -15.161816
                   169.3                      -12.546262
               169.39999                      -10.015348
                   169.5                      -7.5767026
               169.60001                      -5.2359253
                   169.7                      -2.9967053
                   169.8                      -0.8610122
               169.89999                        1.170687
                     170                       3.0991898
               170.10001                       4.9263244
                   170.2                       6.6547294
                   170.3                       8.2876537
               170.39999                        9.828783
                   170.5                       11.282091
               170.60001                        12.65172
                   170.7                       13.941881
                   170.8                       15.156776
               170.89999                       16.300534
                     171                       17.377181
               171.10001                       18.390598
                   171.2                       19.344498
                   171.3                        20.24242
               171.39999                       21.087723
                   171.5                       21.883581
               171.60001                       22.632974
                   171.7                       23.338712
                   171.8                       24.003429
               171.89999                       24.629596
                     172                       25.219514
               172.10001                       25.775343
                   172.2                       26.299103
                   172.3                       26.792674
               172.39999                       27.257813
                   172.5                       27.696158
               172.60001                       28.109245
                   172.7                       28.498495
                   172.8                       28.865247
               172.89999                       29.210738
                     173                       29.536129
               173.10001                       29.842499
                   173.2                       30.130866
                   173.3                        30.40217
               173.39999                       30.657294
                   173.5                       30.897056
               173.60001                       31.122236
                   173.7                       31.333545
                   173.8                       31.531657
               173.89999                       31.717212
                     174                       31.890801
               174.10001                       32.052974
                   174.2                       32.204256
                   174.3                       32.345146
               174.39999                       32.476097
                   174.5                       32.597551
               174.60001                       32.709918
                   174.7                       32.813595
                   174.8                       32.908945
               174.89999                       32.996315
                     175                       33.076041
               175.10001                       33.148446
                   175.2                       33.213819
                   175.3                       33.272461
               175.39999                       33.324628
                   175.5                       33.370593
               175.60001                       33.410601
                   175.7                       33.444889
                   175.8                       33.473682
               175.89999                       33.497203
                     176                        33.51564
               176.10001                       33.529217
                   176.2                       33.538096
                   176.3                       33.542468
               176.39999                       33.542503
                   176.5                       33.538354
               176.60001                       33.530181
                   176.7                       33.518122
                   176.8                       33.502322
               176.89999                       33.482907
                     177                       33.460002
               177.10001                       33.433711
                   177.2                       33.404163
                   177.3                       33.371447
               177.39999                       33.335671
                   177.5                       33.296917
               177.60001                       33.255285
                   177.7                       33.210852
                   177.8                       33.163699
               177.89999                        33.11391
                     178                       33.061543
               178.10001                       33.006683
                   178.2                       32.949388
                   178.3                       32.889743
               178.39999                       32.827783
                   178.5                       32.763598
               178.60001                       32.697238
                   178.7                       32.628767
                   178.8                        32.55824
               178.89999                       32.485727
                     179                        32.41127
               179.10001                       32.334939
                   179.2                       32.256785
                   179.3                       32.176866
               179.39999                       32.095229
                   179.5                       32.011938
               179.60001                       31.927039
                   179.7                       31.840585
                   179.8                       31.752614
               179.89999                       31.663187
                     180                       31.572337
               180.10001                       31.480113
                   180.2                       31.386552
                   180.3                       31.291698
               180.39999                       31.195581
                   180.5                       31.098233
               180.60001                       30.999689
                   180.7                       30.899977
                   180.8                       30.799119
               180.89999                       30.697145
                     181                       30.594076
               181.10001                       30.489931
                   181.2                       30.384728
                   181.3                       30.278491
               181.39999                       30.171225
                   181.5                       30.062965
               181.60001                        29.95371
                   181.7                       29.843481
                   181.8                       29.732293
               181.89999                       29.620168
                     182                       29.507115
               182.10001                       29.393144
                   182.2                       29.278289
                   182.3                       29.162556
               182.39999                       29.045968
                   182.5                       28.928543
               182.60001                       28.810301
                   182.7                       28.691267
                   182.8                       28.571464
               182.89999                       28.450907
                     183                       28.329621
               183.10001                       28.207638
                   183.2                       28.084965
                   183.3                       27.961637
               183.39999                       27.837674
                   183.5                        27.71309
               183.60001                       27.587913
                   183.7                       27.462156
                   183.8                       27.335839
               183.89999                       27.208981
                     184                       27.081587
               184.10001                       26.953679
                   184.2                       26.825263
                   184.3                       26.696344
               184.39999                       26.566937
                   184.5                       26.437042
               184.60001                       26.306663
                   184.7                       26.175804
                   184.8                       26.044468
               184.89999                       25.912655
                     185                       25.780362
               185.10001                       25.647588
                   185.2                       25.514337
                   185.3                       25.380609
               185.39999                         25.2464
                   185.5                       25.111714
               185.60001                       24.976554
                   185.7                       24.840919
                   185.8                       24.704817
               185.89999                       24.568252
                     186                       24.431235
               186.10001                       24.293771
                   186.2                       24.155873
                   186.3                       24.017552
               186.39999                       23.878818
                   186.5                        23.73969
               186.60001                        23.60018
                   186.7                       23.460304
                   186.8                       23.320077
               186.89999                       23.179518
                     187                       23.038637
               187.10001                       22.897454
                   187.2                       22.755976
                   187.3                       22.614223
               187.39999                       22.472199
                   187.5                       22.329919
               187.60001                       22.187386
                   187.7                       22.044607
                   187.8                       21.901584
               187.89999                       21.758317
                     188                       21.614806
               188.10001                        21.47105
                   188.2                       21.327042
                   188.3                       21.182775
               188.39999                       21.038242
                   188.5                       20.893433
               188.60001                       20.748337
                   188.7                       20.602944
                   188.8                       20.457249
               188.89999                       20.311235
                     189                       20.164898
               189.10001                       20.018227
                   189.2                       19.871219
                   189.3                       19.723865
               189.39999                       19.576167
                   189.5                       19.428123
               189.60001                       19.279733
                   189.7                       19.131003
                   189.8                       18.981937
               189.89999                       18.832544
                     190                       18.682837
               190.10001                       18.532823
                   190.2                       18.382516
                   190.3                       18.231934
               190.39999                       18.081086
                   190.5                       17.929993
               190.60001                       17.778663
                   190.7                       17.627111
                   190.8                        17.47535
               190.89999                       17.323388
                     191                       17.171233
               191.10001                       17.018892
                   191.2                       16.866365
                   191.3                       16.713652
               191.39999                       16.560745
                   191.5                       16.407643
               191.60001                       16.254331
                   191.7                       16.100795
                   191.8                       15.947014
               191.89999                        15.79297
                     192                       15.638647
               192.10001                       15.484013
                   192.2                       15.329045
                   192.3                        15.17371
               192.39999                       15.018009
                   192.5                       14.861881
               192.60001                       14.705324
                   192.7                       14.548283
                   192.8                       14.390782
               192.89999                       14.232791
                     193                       14.074285
               193.10001                       13.915256
                   193.2                        13.75571
                   193.3                       13.595606
               193.39999                       13.434984
                   193.5                       13.273834
               193.60001                       13.112165
                   193.7                       12.949987
                   193.8                        12.78731
               193.89999                       12.624152
                     194                       12.460525
               194.10001                       12.296446
                   194.2                       12.131926
                   194.3                       11.966982
               194.39999                       11.801617
                   194.5                       11.635846
               194.60001                       11.469666
                   194.7                       11.303072
                   194.8                       11.136062
               194.89999                       10.968615
                     195                       10.800717
               195.10001                       10.632338
                   195.2                       10.463448
                   195.3                       10.294009
               195.39999                       10.123978
                   195.5                       9.9533122
               195.60001                       9.7819631
                   195.7                       9.6098803
                   195.8                       9.4370159
               195.89999                       9.2633242
                     196                       9.0887656
               196.10001                       8.9133033
                   196.2                       8.7369104
                   196.3                       8.5595721
               196.39999                       8.3812865
                   196.5                       8.2020668
               196.60001                       8.0219419
                   196.7                       7.8409627
                   196.8                        7.659197
               196.89999                       7.4767393
                     197                       7.2937033
               197.10001                       7.1102278
                   197.2                       6.9264777
                   197.3                         6.74264
               197.39999                       6.5589258
                   197.5                       6.3755694
               197.60001                       6.1928269
                   197.7                       6.0109728
                   197.8                       5.8303001
               197.89999                       5.6511142
                     198                        5.473736
               198.10001                        5.298491
                   198.2                       5.1257088
                   198.3                       4.9557224
               198.39999                       4.7888572
                   198.5                       4.6254322
               198.60001                       4.4657529
                   198.7                       4.3101046
                   198.8                       4.1587539
               198.89999                       4.0119383
                     199                        3.869864
               199.10001                       3.7327037
                   199.2                       3.6005907
                   199.3                       3.4736163
               199.39999                        3.351829
                   199.5                       3.2352295
               199.60001                       3.1237712
                   199.7                       3.0173606
                   199.8                       2.9158546
               199.89999                       2.8190639
                     200                       2.7267546

