        Frequency / MHz                S1,1/arg,degrees
----------------------------------------------------------------------
                     100                      -134.03238
                   100.1                      -133.26609
                   100.2                      -132.65526
                   100.3                      -132.18569
                   100.4                       -131.8442
                   100.5                      -131.61861
                   100.6                      -131.49787
                   100.7                      -131.47195
                   100.8                      -131.53188
                   100.9                      -131.66958
                     101                      -131.87783
                   101.1                      -132.15024
                   101.2                      -132.48104
                   101.3                       -132.8652
                   101.4                      -133.29814
                   101.5                      -133.77584
                   101.6                      -134.29469
                   101.7                      -134.85149
                   101.8                      -135.44338
                   101.9                       -136.0678
                     102                      -136.72245
                   102.1                      -137.40534
                   102.2                      -138.11458
                   102.3                      -138.84854
                   102.4                      -139.60578
                   102.5                      -140.38495
                   102.6                      -141.18486
                   102.7                      -142.00446
                   102.8                      -142.84277
                   102.9                      -143.69896
                     103                      -144.57224
                   103.1                      -145.46193
                   103.2                      -146.36743
                   103.3                      -147.28821
                   103.4                      -148.22377
                   103.5                      -149.17371
                   103.6                      -150.13764
                   103.7                      -151.11532
                   103.8                      -152.10643
                   103.9                       -153.1108
                     104                      -154.12822
                   104.1                       -155.1586
                   104.2                      -156.20182
                   104.3                      -157.25786
                   104.4                      -158.32669
                   104.5                      -159.40831
                   104.6                      -160.50276
                   104.7                      -161.61012
                   104.8                      -162.73049
                   104.9                      -163.86395
                     105                       -165.0107
                   105.1                      -166.17084
                   105.2                      -167.34457
                   105.3                      -168.53208
                   105.4                      -169.73356
                   105.5                      -170.94927
                   105.6                      -172.17937
                   105.7                      -173.42413
                   105.8                      -174.68379
                   105.9                       -175.9586
                     106                      -177.24879
                   106.1                      -178.55464
                   106.2                      -179.87637
                   106.3                       178.78575
                   106.4                       177.43149
                   106.5                        176.0606
                   106.6                       174.67284
                   106.7                       173.26797
                   106.8                       171.84578
                   106.9                       170.40607
                     107                       168.94865
                   107.1                       167.47334
                   107.2                       165.97996
                   107.3                        164.4684
                   107.4                       162.93852
                   107.5                       161.39023
                   107.6                       159.82349
                   107.7                       158.23826
                   107.8                       156.63452
                   107.9                       155.01233
                     108                       153.37183
                   108.1                       151.71305
                   108.2                       150.03622
                   108.3                       148.34159
                   108.4                       146.62942
                   108.5                       144.90006
                   108.6                        143.1539
                   108.7                       141.39139
                   108.8                       139.61312
                   108.9                       137.81966
                     109                       136.01172
                   109.1                       134.18997
                   109.2                       132.35525
                   109.3                       130.50846
                   109.4                       128.65048
                   109.5                       126.78231
                   109.6                       124.90512
                   109.7                       123.01993
                   109.8                       121.12792
                   109.9                       119.23035
                     110                       117.32843
                   110.1                       115.42349
                   110.2                       113.51682
                   110.3                       111.60974
                   110.4                       109.70362
                   110.5                       107.79974
                   110.6                       105.89947
                   110.7                       104.00415
                   110.8                       102.11499
                   110.9                       100.23331
                     111                       98.360291
                   111.1                       96.497131
                   111.2                       94.644927
                   111.3                       92.804717
                   111.4                       90.977539
                   111.5                       89.164274
                   111.6                       87.365817
                   111.7                       85.582947
                   111.8                       83.816373
                   111.9                       82.066745
                     112                       80.334622
                   112.1                       78.620511
                   112.2                       76.924807
                   112.3                       75.247893
                   112.4                       73.590028
                   112.5                       71.951481
                   112.6                       70.332337
                   112.7                       68.732787
                   112.8                       67.152801
                   112.9                       65.592439
                     113                       64.051608
                   113.1                        62.53024
                   113.2                       61.028191
                   113.3                       59.545307
                   113.4                       58.081384
                   113.5                       56.636187
                   113.6                       55.209477
                   113.7                       53.800969
                   113.8                       52.410376
                   113.9                       51.037376
                     114                       49.681658
                   114.1                       48.342883
                   114.2                       47.020703
                   114.3                       45.714771
                   114.4                       44.424726
                   114.5                       43.150213
                   114.6                       41.890863
                   114.7                       40.646316
                   114.8                       39.416203
                   114.9                       38.200173
                     115                       36.997858
                   115.1                       35.808895
                   115.2                       34.632939
                   115.3                        33.46963
                   115.4                       32.318638
                   115.5                         31.1796
                   115.6                       30.052192
                   115.7                        28.93608
                   115.8                       27.830941
                   115.9                        26.73645
                     116                       25.652299
                   116.1                       24.578171
                   116.2                       23.513775
                   116.3                       22.458804
                   116.4                       21.412975
                   116.5                       20.376001
                   116.6                       19.347604
                   116.7                       18.327521
                   116.8                       17.315477
                   116.9                       16.311216
                     117                       15.314487
                   117.1                        14.32505
                   117.2                        13.34266
                   117.3                       12.367084
                   117.4                       11.398102
                   117.5                       10.435489
                   117.6                       9.4790364
                   117.7                       8.5285346
                   117.8                       7.5837853
                   117.9                       6.6445938
                     118                       5.7107744
                   118.1                       4.7821442
                   118.2                       3.8585287
                   118.3                       2.9397592
                   118.4                       2.0256711
                   118.5                       1.1161084
                   118.6                      0.21091819
                   118.7                     -0.69004554
                   118.8                      -1.5869239
                   118.9                      -2.4798533
                     119                      -3.3689639
                   119.1                       -4.254383
                   119.2                      -5.1362316
                   119.3                      -6.0146274
                   119.4                       -6.889682
                   119.5                      -7.7615042
                   119.6                      -8.6301991
                   119.7                      -9.4958694
                   119.8                      -10.358611
                   119.9                      -11.218516
                     120                      -12.075678
                   120.1                      -12.930181
                   120.2                      -13.782112
                   120.3                      -14.631549
                   120.4                      -15.478575
                   120.5                      -16.323262
                   120.6                      -17.165687
                   120.7                      -18.005916
                   120.8                      -18.844021
                   120.9                      -19.680068
                     121                       -20.51412
                   121.1                      -21.346237
                   121.2                      -22.176488
                   121.3                      -23.004921
                   121.4                      -23.831596
                   121.5                      -24.656574
                   121.6                      -25.479899
                   121.7                      -26.301629
                   121.8                      -27.121817
                   121.9                      -27.940505
                     122                      -28.757746
                   122.1                      -29.573592
                   122.2                      -30.388085
                   122.3                      -31.201271
                   122.4                      -32.013197
                   122.5                        -32.8239
                   122.6                      -33.633432
                   122.7                      -34.441836
                   122.8                      -35.249158
                   122.9                      -36.055432
                     123                      -36.860704
                   123.1                      -37.665013
                   123.2                      -38.468407
                   123.3                      -39.270923
                   123.4                      -40.072604
                   123.5                       -40.87349
                   123.6                       -41.67362
                   123.7                      -42.473042
                   123.8                      -43.271788
                   123.9                      -44.069895
                     124                      -44.867403
                   124.1                       -45.66436
                   124.2                      -46.460798
                   124.3                      -47.256747
                   124.4                       -48.05225
                   124.5                      -48.847344
                   124.6                      -49.642061
                   124.7                      -50.436434
                   124.8                      -51.230485
                   124.9                       -52.02426
                     125                      -52.817784
                   125.1                      -53.611073
                   125.2                      -54.404165
                   125.3                       -55.19707
                   125.4                      -55.989821
                   125.5                      -56.782432
                   125.6                      -57.574914
                   125.7                      -58.367288
                   125.8                      -59.159562
                   125.9                      -59.951739
                     126                      -60.743831
                   126.1                      -61.535838
                   126.2                      -62.327763
                   126.3                      -63.119594
                   126.4                      -63.911323
                   126.5                      -64.702948
                   126.6                      -65.494437
                   126.7                      -66.285789
                   126.8                      -67.076965
                   126.9                      -67.867941
                     127                      -68.658689
                   127.1                      -69.449168
                   127.2                       -70.23933
                   127.3                      -71.029131
                   127.4                      -71.818515
                   127.5                      -72.607438
                   127.6                       -73.39582
                   127.7                      -74.183592
                   127.8                      -74.970681
                   127.9                      -75.757002
                     128                      -76.542467
               128.10001                      -77.326977
                   128.2                      -78.110418
                   128.3                      -78.892688
               128.39999                      -79.673657
                   128.5                      -80.453208
               128.60001                      -81.231187
                   128.7                      -82.007452
                   128.8                      -82.781845
               128.89999                      -83.554196
                     129                      -84.324334
               129.10001                      -85.092061
                   129.2                      -85.857178
                   129.3                      -86.619475
               129.39999                      -87.378726
                   129.5                      -88.134671
               129.60001                      -88.887085
                   129.7                      -89.635714
                   129.8                      -90.380219
               129.89999                      -91.120358
                     130                      -91.855806
               130.10001                      -92.586213
                   130.2                      -93.311251
                   130.3                      -94.030545
               130.39999                      -94.743712
                   130.5                      -95.450351
               130.60001                      -96.150028
                   130.7                      -96.842254
                   130.8                      -97.526611
               130.89999                      -98.202548
                     131                       -98.86957
               131.10001                      -99.527071
                   131.2                       -100.1745
                   131.3                      -100.81121
               131.39999                      -101.43659
                   131.5                      -102.04984
               131.60001                      -102.65027
                   131.7                      -103.23709
                   131.8                      -103.80948
               131.89999                      -104.36648
                     132                      -104.90726
               132.10001                       -105.4307
                   132.2                      -105.93579
                   132.3                      -106.42133
               132.39999                      -106.88617
                   132.5                      -107.32889
               132.60001                      -107.74814
                   132.7                      -108.14243
                   132.8                      -108.51007
               132.89999                      -108.84936
                     133                      -109.15839
               133.10001                      -109.43512
                   133.2                      -109.67737
                   133.3                      -109.88272
               133.39999                      -110.04861
                   133.5                       -110.1723
               133.60001                       -110.2507
                   133.7                      -110.28055
                   133.8                      -110.25827
               133.89999                      -110.18002
                     134                      -110.04153
               134.10001                      -109.83835
                   134.2                      -109.56552
                   134.3                      -109.21768
               134.39999                      -108.78909
                   134.5                      -108.27362
               134.60001                      -107.66467
                   134.7                       -106.9552
                   134.8                      -106.13794
               134.89999                      -105.20514
                     135                      -104.14902
               135.10001                      -102.96164
                   135.2                      -101.63531
                   135.3                      -100.16281
               135.39999                      -98.537752
                   135.5                      -96.755094
               135.60001                      -94.811646
                   135.7                      -92.706725
                   135.8                      -90.442776
               135.89999                      -88.026153
                     136                      -85.467455
               136.10001                      -82.781962
                   136.2                      -79.989684
                   136.3                      -77.115008
               136.39999                      -74.185861
                   136.5                      -71.232643
               136.60001                      -68.286735
                   136.7                      -65.378953
                   136.8                      -62.538059
               136.89999                      -59.789502
                     137                      -57.154552
               137.10001                      -54.649848
                   137.2                      -52.287294
                   137.3                      -50.074356
               137.39999                      -48.014556
                   137.5                      -46.108055
               137.60001                      -44.352352
                   137.7                      -42.742919
                   137.8                      -41.273762
               137.89999                      -39.937923
                     138                      -38.727885
               138.10001                      -37.635873
                   138.2                       -36.65411
                   138.3                      -35.774969
               138.39999                      -34.991126
                   138.5                      -34.295575
               138.60001                      -33.681744
                   138.7                      -33.143486
                   138.8                      -32.675067
               138.89999                      -32.271187
                     139                       -31.92695
               139.10001                       -31.63785
                   139.2                      -31.399746
                   139.3                      -31.208826
               139.39999                      -31.061618
                   139.5                      -30.954917
               139.60001                      -30.885787
                   139.7                       -30.85155
                   139.8                      -30.849744
               139.89999                      -30.878109
                     140                      -30.934577
               140.10001                      -31.017253
                   140.2                      -31.124383
                   140.3                      -31.254371
               140.39999                      -31.405743
                   140.5                      -31.577142
               140.60001                      -31.767324
                   140.7                      -31.975132
                   140.8                      -32.199519
               140.89999                      -32.439493
                     141                      -32.694161
               141.10001                      -32.962688
                   141.2                      -33.244297
                   141.3                       -33.53828
               141.39999                      -33.843978
                   141.5                      -34.160774
               141.60001                      -34.488109
                   141.7                       -34.82545
                   141.8                      -35.172319
               141.89999                      -35.528247
                     142                      -35.892835
               142.10001                      -36.265678
                   142.2                      -36.646417
                   142.3                       -37.03471
               142.39999                      -37.430254
                   142.5                      -37.832744
               142.60001                      -38.241912
                   142.7                      -38.657514
                   142.8                      -39.079303
               142.89999                      -39.507061
                     143                      -39.940587
               143.10001                      -40.379685
                   143.2                      -40.824181
                   143.3                      -41.273913
               143.39999                      -41.728716
                   143.5                       -42.18845
               143.60001                       -42.65299
                   143.7                      -43.122204
                   143.8                      -43.595971
               143.89999                      -44.074183
                     144                      -44.556743
               144.10001                      -45.043556
                   144.2                      -45.534522
                   144.3                      -46.029573
               144.39999                      -46.528629
                   144.5                      -47.031612
               144.60001                      -47.538456
                   144.7                      -48.049104
                   144.8                      -48.563492
               144.89999                      -49.081567
                     145                      -49.603281
               145.10001                      -50.128575
                   145.2                      -50.657406
                   145.3                       -51.18974
               145.39999                      -51.725531
                   145.5                      -52.264743
               145.60001                      -52.807339
                   145.7                      -53.353298
                   145.8                      -53.902568
               145.89999                      -54.455135
                     146                      -55.010971
               146.10001                      -55.570046
                   146.2                      -56.132339
                   146.3                      -56.697832
               146.39999                      -57.266497
                   146.5                      -57.838323
               146.60001                      -58.413287
                   146.7                      -58.991374
                   146.8                      -59.572576
               146.89999                      -60.156876
                     147                      -60.744274
               147.10001                      -61.334738
                   147.2                      -61.928287
                   147.3                       -62.52489
               147.39999                      -63.124561
                   147.5                       -63.72729
               147.60001                      -64.333067
                   147.7                      -64.941909
                   147.8                      -65.553814
               147.89999                      -66.168769
                     148                      -66.786807
               148.10001                       -67.40791
                   148.2                      -68.032092
                   148.3                      -68.659363
               148.39999                      -69.289744
                   148.5                      -69.923243
               148.60001                      -70.559871
                   148.7                      -71.199641
                   148.8                      -71.842574
               148.89999                      -72.488695
                     149                      -73.138014
               149.10001                      -73.790563
                   149.2                      -74.446363
                   149.3                      -75.105444
               149.39999                      -75.767821
                   149.5                      -76.433533
               149.60001                      -77.102598
                   149.7                      -77.775064
                   149.8                      -78.450952
               149.89999                      -79.130296
                     150                      -79.813145
               150.10001                       -80.49951
                   150.2                      -81.189461
                   150.3                      -81.883026
               150.39999                      -82.580245
                   150.5                      -83.281166
               150.60001                       -83.98583
                   150.7                      -84.694298
                   150.8                      -85.406598
               150.89999                      -86.122805
                     151                      -86.842946
               151.10001                      -87.567103
                   151.2                      -88.295303
                   151.3                      -89.027623
               151.39999                      -89.764129
                   151.5                       -90.50487
               151.60001                        -91.2499
                   151.7                      -91.999308
                   151.8                      -92.753143
               151.89999                      -93.511485
                     152                       -94.27439
               152.10001                      -95.041945
                   152.2                      -95.814222
                   152.3                      -96.591292
               152.39999                      -97.373246
                   152.5                      -98.160138
               152.60001                      -98.952079
                   152.7                      -99.749128
                   152.8                      -100.55138
               152.89999                      -101.35894
                     153                      -102.17185
               153.10001                      -102.99024
                   153.2                       -103.8142
                   153.3                       -104.6438
               153.39999                      -105.47915
                   153.5                      -106.32035
               153.60001                      -107.16749
                   153.7                      -108.02068
                   153.8                      -108.88001
               153.89999                      -109.74559
                     154                      -110.61753
               154.10001                      -111.49593
                   154.2                      -112.38089
                   154.3                      -113.27255
               154.39999                      -114.17098
                   154.5                      -115.07634
               154.60001                       -115.9887
                   154.7                      -116.90821
                   154.8                      -117.83498
               154.89999                      -118.76912
                     155                      -119.71077
               155.10001                      -120.66006
                   155.2                      -121.61712
                   155.3                      -122.58202
               155.39999                      -123.55495
                   155.5                      -124.53607
               155.60001                      -125.52541
                   155.7                      -126.52322
                   155.8                      -127.52956
               155.89999                      -128.54461
                     156                      -129.56851
               156.10001                      -130.60141
                   156.2                      -131.64342
                   156.3                      -132.69476
               156.39999                      -133.75553
                   156.5                       -134.8259
               156.60001                      -135.90604
                   156.7                       -136.9961
                   156.8                      -138.09625
               156.89999                      -139.20666
                     157                      -140.32752
               157.10001                      -141.45898
                   157.2                      -142.60126
                   157.3                      -143.75446
               157.39999                      -144.91886
                   157.5                      -146.09458
               157.60001                       -147.2819
                   157.7                      -148.48092
                   157.8                      -149.69193
               157.89999                      -150.91506
                     158                      -152.15061
               158.10001                      -153.39874
                   158.2                      -154.65973
                   158.3                      -155.93375
               158.39999                      -157.22111
                   158.5                      -158.52197
               158.60001                      -159.83665
                   158.7                      -161.16537
                   158.8                      -162.50842
               158.89999                      -163.86606
                     159                      -165.23856
               159.10001                      -166.62625
                   159.2                      -168.02933
                   159.3                      -169.44818
               159.39999                      -170.88305
                   159.5                      -172.33429
               159.60001                      -173.80218
                   159.7                      -175.28708
                   159.8                      -176.78927
               159.89999                      -178.30911
                     160                       -179.8469
               160.10001                       178.59702
                   160.2                       177.02233
                   160.3                       175.42871
               160.39999                       173.81579
                   160.5                        172.1833
               160.60001                       170.53088
                   160.7                       168.85828
                   160.8                       167.16522
               160.89999                       165.45135
                     161                       163.71655
               161.10001                       161.96048
                   161.2                       160.18298
                   161.3                       158.38391
               161.39999                       156.56312
                   161.5                       154.72052
               161.60001                       152.85609
                   161.7                       150.96979
                   161.8                       149.06171
               161.89999                       147.13202
                     162                       145.18091
               162.10001                       143.20862
                   162.2                       141.21552
                   162.3                       139.20206
               162.39999                       137.16873
                   162.5                       135.11619
               162.60001                       133.04513
                   162.7                       130.95643
                   162.8                       128.85088
               162.89999                       126.72964
                     163                       124.59373
               163.10001                       122.44435
                   163.2                       120.28293
                   163.3                       118.11079
               163.39999                       115.92942
                   163.5                        113.7404
               163.60001                       111.54534
                   163.7                       109.34602
                   163.8                       107.14408
               163.89999                       104.94137
                     164                       102.73967
               164.10001                       100.54078
                   164.2                       98.346519
                   164.3                       96.158726
               164.39999                       93.979131
                   164.5                       91.809453
               164.60001                       89.651332
                   164.7                       87.506434
                   164.8                       85.376262
               164.89999                       83.262236
                     165                       81.165724
               165.10001                       79.087952
                   165.2                       77.030126
                   165.3                       74.993227
               165.39999                       72.978239
                   165.5                       70.985956
               165.60001                       69.017084
                   165.7                       67.072285
                   165.8                       65.152073
               165.89999                       63.256775
                     166                       61.386778
               166.10001                         59.5423
                   166.2                        57.72342
                   166.3                       55.930277
               166.39999                       54.162786
                   166.5                       52.420875
               166.60001                       50.704422
                   166.7                       49.013183
                   166.8                       47.346916
               166.89999                       45.705347
                     167                       44.088068
               167.10001                        42.49475
                   167.2                       40.924955
                   167.3                       39.378273
               167.39999                       37.854211
                   167.5                       36.352304
               167.60001                       34.872039
                   167.7                       33.412923
                   167.8                       31.974457
               167.89999                        30.55607
                     168                       29.157249
               168.10001                       27.777495
                   168.2                       26.416267
                   168.3                       25.072988
               168.39999                       23.747191
                   168.5                       22.438336
               168.60001                       21.145872
                   168.7                        19.86931
                   168.8                       18.608157
               168.89999                       17.361866
                     169                       16.130027
               169.10001                       14.912096
                   169.2                       13.707633
                   169.3                       12.516148
               169.39999                        11.33723
                   169.5                       10.170361
               169.60001                       9.0151292
                   169.7                       7.8711826
                   169.8                       6.7379988
               169.89999                       5.6152524
                     170                       4.5025051
               170.10001                       3.3993751
                   170.2                       2.3054794
                   170.3                       1.2204355
               170.39999                      0.14388842
                   170.5                     -0.92448983
               170.60001                      -1.9850815
                   170.7                       -3.038242
                   170.8                      -4.0842722
               170.89999                      -5.1234715
                     171                      -6.1562231
               171.10001                      -7.1828013
                   171.2                       -8.203532
                   171.3                      -9.2186887
               171.39999                      -10.228601
                   171.5                       -11.23354
               171.60001                      -12.233807
                   171.7                      -13.229649
                   171.8                      -14.221394
               171.89999                      -15.209284
                     172                      -16.193597
               172.10001                      -17.174602
                   172.2                      -18.152549
                   172.3                      -19.127709
               172.39999                      -20.100356
                   172.5                      -21.070708
               172.60001                      -22.039064
                   172.7                      -23.005643
                   172.8                      -23.970723
               172.89999                      -24.934571
                     173                       -25.89741
               173.10001                      -26.859456
                   173.2                       -27.82101
                   173.3                      -28.782319
               173.39999                      -29.743655
                   173.5                      -30.705235
               173.60001                      -31.667307
                   173.7                      -32.630146
                   173.8                      -33.594048
               173.89999                      -34.559236
                     174                      -35.525985
               174.10001                      -36.494502
                   174.2                      -37.465185
                   174.3                      -38.438238
               174.39999                      -39.413945
                   174.5                      -40.392574
               174.60001                       -41.37451
                   174.7                      -42.359997
                   174.8                      -43.349307
               174.89999                      -44.342827
                     175                      -45.340909
               175.10001                        -46.3438
                   175.2                      -47.351935
                   175.3                       -48.36562
               175.39999                       -49.38531
                   175.5                      -50.411316
               175.60001                      -51.444095
                   175.7                      -52.484032
                   175.8                      -53.531616
               175.89999                      -54.587293
                     176                      -55.651514
               176.10001                      -56.724813
                   176.2                       -57.80778
                   176.3                      -58.900911
               176.39999                       -60.00478
                   176.5                      -61.120095
               176.60001                       -62.24743
                   176.7                      -63.387498
                   176.8                      -64.541117
               176.89999                      -65.708942
                     177                      -66.891905
               177.10001                      -68.090848
                   177.2                      -69.306703
                   177.3                       -70.54051
               177.39999                      -71.793275
                   177.5                      -73.066232
               177.60001                      -74.360499
                   177.7                      -75.677496
                   177.8                      -77.018562
               177.89999                      -78.385202
                     178                      -79.779051
               178.10001                      -81.201916
                   178.2                      -82.655544
                   178.3                      -84.142067
               178.39999                      -85.663614
                   178.5                      -87.222509
               178.60001                       -88.82132
                   178.7                      -90.462751
                   178.8                      -92.149726
               178.89999                      -93.885386
                     179                      -95.673148
               179.10001                      -97.516669
                   179.2                      -99.419779
                   179.3                      -101.38671
               179.39999                      -103.42189
                   179.5                      -105.53007
               179.60001                      -107.71611
                   179.7                      -109.98521
                   179.8                      -112.34288
               179.89999                      -114.79454
                     180                      -117.34575
               180.10001                      -120.00209
                   180.2                      -122.76881
                   180.3                      -125.65088
               180.39999                       -128.6525
                   180.5                      -131.77706
               180.60001                      -135.02676
                   180.7                      -138.40207
                   180.8                       -141.9017
               180.89999                      -145.52181
                     181                      -149.25612
               181.10001                      -153.09523
                   181.2                      -157.02696
                   181.3                      -161.03606
               181.39999                      -165.10467
                   181.5                      -169.21256
               181.60001                      -173.33838
                   181.7                      -177.45972
                   181.8                       178.44561
               181.89999                       174.39853
                     182                       170.41845
               182.10001                       166.52201
                   182.2                       162.72339
                   182.3                       159.03356
               182.39999                       155.46071
                   182.5                       152.00988
               182.60001                       148.68402
                   182.7                       145.48355
                   182.8                        142.4074
               182.89999                       139.45277
                     183                       136.61589
               183.10001                       133.89234
                   183.2                       131.27693
                   183.3                       128.76434
               183.39999                       126.34897
                   183.5                       124.02551
               183.60001                       121.78832
                   183.7                       119.63216
                   183.8                       117.55207
               183.89999                       115.54306
                     184                       113.60084
               184.10001                       111.72089
                   184.2                       109.89931
                   184.3                       108.13231
               184.39999                       106.41651
                   184.5                       104.74853
               184.60001                       103.12546
                   184.7                       101.54446
                   184.8                       100.00296
               184.89999                       98.498575
                     185                       97.029155
               185.10001                       95.592575
                   185.2                       94.187032
                   185.3                       92.810612
               185.39999                       91.461786
                   185.5                       90.139079
               185.60001                        88.84107
                   185.7                       87.566448
                   185.8                       86.314009
               185.89999                       85.082663
                     186                       83.871316
               186.10001                       82.679093
                   186.2                        81.50501
                   186.3                       80.348303
               186.39999                       79.208208
                   186.5                       78.083849
               186.60001                       76.974737
                   186.7                       75.880104
                   186.8                        74.79946
               186.89999                       73.732091
                     187                        72.67773
               187.10001                        71.63566
                   187.2                       70.605503
                   187.3                       69.586931
               187.39999                       68.579396
                   187.5                       67.582573
               187.60001                       66.596126
                   187.7                       65.619684
                   187.8                       64.652965
               187.89999                       63.695593
                     188                       62.747399
               188.10001                       61.808056
                   188.2                       60.877291
                   188.3                       59.954943
               188.39999                       59.040737
                   188.5                       58.134399
               188.60001                       57.235765
                   188.7                        56.34467
                   188.8                       55.460952
               188.89999                       54.584338
                     189                       53.714719
               189.10001                       52.851983
                   189.2                       51.995857
                   189.3                       51.146294
               189.39999                       50.303122
                   189.5                       49.466124
               189.60001                       48.635296
                   189.7                       47.810485
                   189.8                       46.991519
               189.89999                       46.178342
                     190                       45.370796
               190.10001                       44.568767
                   190.2                       43.772204
                   190.3                       42.980938
               190.39999                        42.19503
                   190.5                       41.414201
               190.60001                       40.638401
                   190.7                       39.867684
                   190.8                       39.101831
               190.89999                       38.340672
                     191                       37.584436
               191.10001                       36.832678
                   191.2                       36.085619
                   191.3                       35.343094
               191.39999                       34.604996
                   191.5                       33.871214
               191.60001                       33.141806
                   191.7                       32.416607
                   191.8                       31.695612
               191.89999                       30.978712
                     192                       30.265859
               192.10001                       29.557051
                   192.2                       28.852174
                   192.3                       28.151124
               192.39999                        27.45395
                   192.5                       26.760551
               192.60001                       26.070866
                   192.7                       25.384842
                   192.8                       24.702371
               192.89999                       24.023558
                     193                       23.348245
               193.10001                       22.676371
                   193.2                       22.007942
                   193.3                       21.342902
               193.39999                       20.681137
                   193.5                       20.022708
               193.60001                       19.367556
                   193.7                       18.715516
                   193.8                       18.066703
               193.89999                       17.420952
                     194                       16.778368
               194.10001                       16.138789
                   194.2                       15.502268
                   194.3                       14.868701
               194.39999                       14.238083
                   194.5                       13.610417
               194.60001                       12.985645
                   194.7                       12.363715
                   194.8                       11.744626
               194.89999                        11.12838
                     195                        10.51481
               195.10001                       9.9041365
                   195.2                       9.2960867
                   195.3                       8.6908213
               195.39999                        8.088181
                   195.5                       7.4882168
               195.60001                       6.8909855
                   195.7                       6.2963216
                   195.8                       5.7042807
               195.89999                       5.1148627
                     196                        4.528013
               196.10001                       3.9437859
                   196.2                       3.3620722
                   196.3                       2.7829816
               196.39999                        2.206295
                   196.5                       1.6322859
               196.60001                       1.0606812
                   196.7                      0.49164429
                   196.8                    -0.074878916
               196.89999                      -0.6389432
                     197                      -1.2004394
               197.10001                      -1.7594767
                   197.2                      -2.3160004
                   197.3                       -2.870011
               197.39999                      -3.4215076
                   197.5                      -3.9705455
               197.60001                      -4.5170153
                   197.7                      -5.0609717
                   197.8                      -5.6024145
               197.89999                      -6.1413433
                     198                      -6.6776501
               198.10001                      -7.2114437
                   198.2                      -7.7426128
                   198.3                      -8.2711604
               198.39999                      -8.7970846
                   198.5                      -9.3203869
               198.60001                       -9.840956
                   198.7                      -10.358849
                   198.8                      -10.873954
               198.89999                      -11.386328
                     199                       -11.89586
               199.10001                      -12.402606
                   199.2                      -12.906455
                   199.3                      -13.407353
               199.39999                      -13.905247
                   199.5                      -14.400189
               199.60001                      -14.892018
                   199.7                      -15.380731
                   199.8                      -15.866277
               199.89999                      -16.348486
                     200                      -16.827474

