        Frequency / MHz                S1,1/abs,dB
----------------------------------------------------------------------
                     100                      -14.569883
                   100.1                      -14.347848
                   100.2                       -14.13081
                   100.3                      -13.919869
                   100.4                      -13.715811
                   100.5                      -13.519171
                   100.6                       -13.33029
                   100.7                      -13.149356
                   100.8                      -12.976437
                   100.9                      -12.811517
                     101                      -12.654513
                   101.1                      -12.505292
                   101.2                      -12.363688
                   101.3                      -12.229513
                   101.4                      -12.102561
                   101.5                      -11.982623
                   101.6                       -11.86948
                   101.7                      -11.762916
                   101.8                      -11.662719
                   101.9                      -11.568677
                     102                      -11.480589
                   102.1                      -11.398257
                   102.2                      -11.321491
                   102.3                      -11.250109
                   102.4                      -11.183937
                   102.5                      -11.122805
                   102.6                      -11.066551
                   102.7                      -11.015025
                   102.8                      -10.968075
                   102.9                       -10.92556
                     103                      -10.887345
                   103.1                      -10.853297
                   103.2                      -10.823291
                   103.3                      -10.797202
                   103.4                      -10.774915
                   103.5                      -10.756315
                   103.6                      -10.741291
                   103.7                      -10.729738
                   103.8                      -10.721549
                   103.9                      -10.716625
                     104                      -10.714866
                   104.1                      -10.716179
                   104.2                      -10.720467
                   104.3                      -10.727641
                   104.4                      -10.737612
                   104.5                      -10.750292
                   104.6                      -10.765596
                   104.7                      -10.783442
                   104.8                      -10.803746
                   104.9                      -10.826429
                     105                      -10.851413
                   105.1                      -10.878616
                   105.2                      -10.907964
                   105.3                      -10.939378
                   105.4                      -10.972783
                   105.5                      -11.008102
                   105.6                      -11.045259
                   105.7                      -11.084177
                   105.8                      -11.124778
                   105.9                      -11.166984
                     106                      -11.210715
                   106.1                      -11.255889
                   106.2                      -11.302423
                   106.3                       -11.35023
                   106.4                      -11.399222
                   106.5                      -11.449309
                   106.6                      -11.500394
                   106.7                       -11.55238
                   106.8                      -11.605166
                   106.9                      -11.658646
                     107                       -11.71271
                   107.1                      -11.767242
                   107.2                      -11.822124
                   107.3                      -11.877235
                   107.4                      -11.932445
                   107.5                      -11.987621
                   107.6                      -12.042627
                   107.7                       -12.09732
                   107.8                      -12.151555
                   107.9                       -12.20518
                     108                      -12.258043
                   108.1                      -12.309985
                   108.2                      -12.360846
                   108.3                       -12.41046
                   108.4                      -12.458665
                   108.5                      -12.505291
                   108.6                      -12.550173
                   108.7                       -12.59314
                   108.8                      -12.634027
                   108.9                      -12.672668
                     109                        -12.7089
                   109.1                      -12.742564
                   109.2                      -12.773505
                   109.3                      -12.801573
                   109.4                      -12.826625
                   109.5                      -12.848526
                   109.6                       -12.86715
                   109.7                      -12.882379
                   109.8                      -12.894106
                   109.9                      -12.902235
                     110                      -12.906682
                   110.1                      -12.907377
                   110.2                      -12.904261
                   110.3                      -12.897289
                   110.4                      -12.886431
                   110.5                       -12.87167
                   110.6                      -12.853005
                   110.7                      -12.830445
                   110.8                      -12.804016
                   110.9                      -12.773754
                     111                      -12.739714
                   111.1                      -12.701957
                   111.2                      -12.660558
                   111.3                      -12.615601
                   111.4                      -12.567181
                   111.5                      -12.515403
                   111.6                      -12.460377
                   111.7                      -12.402223
                   111.8                      -12.341063
                   111.9                      -12.277028
                     112                       -12.21025
                   112.1                      -12.140866
                   112.2                      -12.069013
                   112.3                       -11.99483
                   112.4                       -11.91846
                   112.5                      -11.840038
                   112.6                      -11.759706
                   112.7                      -11.677599
                   112.8                      -11.593853
                   112.9                      -11.508601
                     113                      -11.421973
                   113.1                      -11.334095
                   113.2                      -11.245088
                   113.3                      -11.155073
                   113.4                      -11.064166
                   113.5                      -10.972477
                   113.6                      -10.880112
                   113.7                      -10.787175
                   113.8                      -10.693762
                   113.9                       -10.59997
                     114                      -10.505887
                   114.1                      -10.411597
                   114.2                      -10.317182
                   114.3                       -10.22272
                   114.4                      -10.128283
                   114.5                      -10.033939
                   114.6                      -9.9397543
                   114.7                      -9.8457892
                   114.8                      -9.7521019
                   114.9                      -9.6587458
                     115                      -9.5657721
                   115.1                      -9.4732283
                   115.2                      -9.3811587
                   115.3                      -9.2896038
                   115.4                       -9.198603
                   115.5                      -9.1081925
                   115.6                      -9.0184039
                   115.7                      -8.9292694
                   115.8                      -8.8408161
                   115.9                      -8.7530723
                     116                      -8.6660613
                   116.1                      -8.5798063
                   116.2                      -8.4943272
                   116.3                      -8.4096439
                   116.4                      -8.3257732
                   116.5                      -8.2427324
                   116.6                      -8.1605358
                   116.7                      -8.0791977
                   116.8                      -7.9987308
                   116.9                      -7.9191466
                     117                      -7.8404572
                   117.1                      -7.7626716
                   117.2                      -7.6858001
                   117.3                      -7.6098514
                   117.4                       -7.534833
                   117.5                      -7.4607532
                   117.6                      -7.3876203
                   117.7                      -7.3154403
                   117.8                      -7.2442194
                   117.9                      -7.1739643
                     118                      -7.1046806
                   118.1                      -7.0363741
                   118.2                      -6.9690503
                   118.3                      -6.9027135
                   118.4                      -6.8373688
                   118.5                      -6.7730202
                   118.6                      -6.7096736
                   118.7                      -6.6473315
                   118.8                      -6.5859981
                   118.9                      -6.5256784
                     119                      -6.4663731
                   119.1                      -6.4080877
                   119.2                      -6.3508255
                   119.3                      -6.2945877
                   119.4                      -6.2393786
                   119.5                      -6.1851995
                   119.6                      -6.1320516
                   119.7                      -6.0799397
                   119.8                      -6.0288647
                   119.9                      -5.9788283
                     120                      -5.9298319
                   120.1                      -5.8818764
                   120.2                       -5.834965
                   120.3                      -5.7890978
                   120.4                      -5.7442767
                   120.5                      -5.7005014
                   120.6                      -5.6577745
                   120.7                      -5.6160959
                   120.8                      -5.5754682
                   120.9                      -5.5358902
                     121                      -5.4973645
                   121.1                      -5.4598919
                   121.2                      -5.4234731
                   121.3                      -5.3881074
                   121.4                      -5.3537984
                   121.5                      -5.3205465
                   121.6                      -5.2883531
                   121.7                      -5.2572178
                   121.8                      -5.2271427
                   121.9                      -5.1981299
                     122                       -5.170181
                   122.1                      -5.1432973
                   122.2                      -5.1174794
                   122.3                      -5.0927309
                   122.4                      -5.0690535
                   122.5                      -5.0464494
                   122.6                      -5.0249187
                   122.7                       -5.004468
                   122.8                      -4.9850974
                   122.9                      -4.9668094
                     123                      -4.9496089
                   123.1                      -4.9334989
                   123.2                      -4.9184823
                   123.3                       -4.904564
                   123.4                      -4.8917477
                   123.5                      -4.8800385
                   123.6                        -4.86944
                   123.7                      -4.8599588
                   123.8                      -4.8515996
                   123.9                      -4.8443694
                     124                      -4.8382735
                   124.1                      -4.8333196
                   124.2                      -4.8295156
                   124.3                      -4.8268665
                   124.4                      -4.8253846
                   124.5                      -4.8250757
                   124.6                      -4.8259502
                   124.7                      -4.8280179
                   124.8                      -4.8312897
                   124.9                       -4.835775
                     125                      -4.8414876
                   125.1                      -4.8484396
                   125.2                      -4.8566419
                   125.3                      -4.8661103
                   125.4                      -4.8768578
                   125.5                      -4.8888996
                   125.6                      -4.9022516
                   125.7                      -4.9169291
                   125.8                      -4.9329498
                   125.9                      -4.9503304
                     126                      -4.9690899
                   126.1                      -4.9892478
                   126.2                      -5.0108222
                   126.3                      -5.0338356
                   126.4                      -5.0583061
                   126.5                      -5.0842577
                   126.6                      -5.1117137
                   126.7                      -5.1406958
                   126.8                      -5.1712278
                   126.9                       -5.203336
                     127                      -5.2370438
                   127.1                      -5.2723794
                   127.2                      -5.3093694
                   127.3                      -5.3480415
                   127.4                      -5.3884235
                   127.5                      -5.4305446
                   127.6                      -5.4744362
                   127.7                      -5.5201287
                   127.8                      -5.5676542
                   127.9                      -5.6170461
                     128                      -5.6683352
               128.10001                       -5.721558
                   128.2                      -5.7767495
                   128.3                      -5.8339479
               128.39999                      -5.8931851
                   128.5                      -5.9545035
               128.60001                        -6.01794
                   128.7                      -6.0835363
                   128.8                       -6.151331
               128.89999                      -6.2213677
                     129                      -6.2936887
               129.10001                      -6.3683377
                   129.2                      -6.4453601
                   129.3                      -6.5248019
               129.39999                      -6.6067097
                   129.5                      -6.6911319
               129.60001                      -6.7781181
                   129.7                      -6.8677188
                   129.8                       -6.959986
               129.89999                       -7.054973
                     130                      -7.1527321
               130.10001                      -7.2533205
                   130.2                      -7.3567953
                   130.3                      -7.4632128
               130.39999                       -7.572634
                   130.5                        -7.68512
               130.60001                      -7.8007336
                   130.7                      -7.9195378
                   130.8                      -8.0415986
               130.89999                      -8.1669835
                     131                      -8.2957624
               131.10001                       -8.428006
                   131.2                      -8.5637864
                   131.3                      -8.7031785
               131.39999                      -8.8462587
                   131.5                      -8.9931079
               131.60001                      -9.1438052
                   131.7                      -9.2984359
                   131.8                      -9.4570819
               131.89999                      -9.6198356
                     132                      -9.7867836
               132.10001                      -9.9580215
                   132.2                      -10.133642
                   132.3                      -10.313743
               132.39999                      -10.498426
                   132.5                       -10.68779
               132.60001                      -10.881941
                   132.7                      -11.080984
                   132.8                      -11.285024
               132.89999                      -11.494171
                     133                       -11.70853
               133.10001                      -11.928209
                   133.2                      -12.153314
                   133.3                      -12.383946
               133.39999                      -12.620201
                   133.5                      -12.862171
               133.60001                      -13.109935
                   133.7                      -13.363562
                   133.8                        -13.6231
               133.89999                      -13.888577
                     134                      -14.159995
               134.10001                      -14.437314
                   134.2                      -14.720456
                   134.3                      -15.009282
               134.39999                      -15.303582
                   134.5                      -15.603065
               134.60001                       -15.90733
                   134.7                      -16.215852
                   134.8                      -16.527947
               134.89999                      -16.842751
                     135                      -17.159179
               135.10001                      -17.475891
                   135.2                      -17.791257
                   135.3                      -18.103314
               135.39999                      -18.409739
                   135.5                      -18.707827
               135.60001                      -18.994485
                   135.7                      -19.266257
                   135.8                      -19.519381
               135.89999                      -19.749891
                     136                      -19.953777
               136.10001                      -20.127168
                   136.2                      -20.266578
                   136.3                      -20.369139
               136.39999                      -20.432835
                   136.5                      -20.456668
               136.60001                      -20.440747
                   136.7                       -20.38627
                   136.8                      -20.295429
               136.89999                      -20.171214
                     137                      -20.017186
               137.10001                      -19.837229
                   137.2                       -19.63533
                   137.3                      -19.415387
               137.39999                      -19.181066
                   137.5                      -18.935715
               137.60001                      -18.682309
                   137.7                      -18.423436
                   137.8                      -18.161306
               137.89999                      -17.897773
                     138                       -17.63437
               138.10001                      -17.372347
                   138.2                      -17.112706
                   138.3                      -16.856243
               138.39999                      -16.603572
                   138.5                      -16.355165
               138.60001                      -16.111368
                   138.7                      -15.872429
                   138.8                      -15.638512
               138.89999                      -15.409716
                     139                      -15.186092
               139.10001                      -14.967641
                   139.2                      -14.754335
                   139.3                      -14.546119
               139.39999                      -14.342918
                   139.5                       -14.14464
               139.60001                      -13.951186
                   139.7                      -13.762443
                   139.8                      -13.578297
               139.89999                      -13.398627
                     140                      -13.223314
               140.10001                      -13.052233
                   140.2                      -12.885265
                   140.3                      -12.722287
               140.39999                      -12.563182
                   140.5                      -12.407833
               140.60001                      -12.256129
                   140.7                      -12.107954
                   140.8                      -11.963205
               140.89999                      -11.821776
                     141                      -11.683567
               141.10001                      -11.548479
                   141.2                      -11.416418
                   141.3                      -11.287295
               141.39999                      -11.161021
                   141.5                      -11.037512
               141.60001                      -10.916687
                   141.7                      -10.798469
                   141.8                      -10.682781
               141.89999                      -10.569553
                     142                      -10.458715
               142.10001                      -10.350201
                   142.2                      -10.243947
                   142.3                      -10.139892
               142.39999                      -10.037979
                   142.5                      -9.9381502
               142.60001                      -9.8403511
                   142.7                      -9.7445327
                   142.8                      -9.6506442
               142.89999                      -9.5586374
                     143                       -9.468467
               143.10001                      -9.3800911
                   143.2                      -9.2934661
                   143.3                      -9.2085527
               143.39999                      -9.1253138
                   143.5                      -9.0437106
               143.60001                      -8.9637099
                   143.7                      -8.8852769
                   143.8                      -8.8083805
               143.89999                      -8.7329886
                     144                      -8.6590715
               144.10001                      -8.5866029
                   144.2                      -8.5155534
                   144.3                      -8.4458981
               144.39999                      -8.3776124
                   144.5                       -8.310672
               144.60001                       -8.245054
                   144.7                       -8.180737
                   144.8                      -8.1176995
               144.89999                      -8.0559217
                     145                      -7.9953849
               145.10001                      -7.9360695
                   145.2                      -7.8779596
                   145.3                      -7.8210371
               145.39999                      -7.7652852
                   145.5                      -7.7106906
               145.60001                      -7.6572367
                   145.7                      -7.6049097
                   145.8                       -7.553696
               145.89999                      -7.5035818
                     146                      -7.4545554
               146.10001                      -7.4066051
                   146.2                      -7.3597189
                   146.3                      -7.3138849
               146.39999                      -7.2690935
                   146.5                      -7.2253342
               146.60001                      -7.1825965
                   146.7                      -7.1408718
                   146.8                      -7.1001505
               146.89999                      -7.0604239
                     147                      -7.0216831
               147.10001                      -6.9839207
                   147.2                       -6.947129
                   147.3                      -6.9112998
               147.39999                      -6.8764269
                   147.5                      -6.8425016
               147.60001                      -6.8095186
                   147.7                      -6.7774713
                   147.8                      -6.7463531
               147.89999                      -6.7161586
                     148                      -6.6868812
               148.10001                      -6.6585155
                   148.2                      -6.6310571
                   148.3                      -6.6045007
               148.39999                      -6.5788408
                   148.5                       -6.554074
               148.60001                      -6.5301952
                   148.7                      -6.5072003
                   148.8                      -6.4850863
               148.89999                      -6.4638483
                     149                      -6.4434835
               149.10001                      -6.4239889
                   149.2                      -6.4053623
                   149.3                      -6.3875994
               149.39999                       -6.370699
                   149.5                      -6.3546581
               149.60001                      -6.3394757
                   149.7                      -6.3251491
                   149.8                      -6.3116775
               149.89999                      -6.2990588
                     150                      -6.2872934
               150.10001                      -6.2763805
                   150.2                      -6.2663189
                   150.3                      -6.2571084
               150.39999                      -6.2487493
                   150.5                      -6.2412418
               150.60001                      -6.2345866
                   150.7                      -6.2287847
                   150.8                      -6.2238368
               150.89999                      -6.2197446
                     151                      -6.2165104
               151.10001                      -6.2141346
                   151.2                      -6.2126205
                   151.3                      -6.2119702
               151.39999                      -6.2121862
                   151.5                      -6.2132721
               151.60001                      -6.2152312
                   151.7                      -6.2180667
                   151.8                      -6.2217817
               151.89999                       -6.226382
                     152                      -6.2318713
               152.10001                      -6.2382553
                   152.2                       -6.245537
                   152.3                      -6.2537244
               152.39999                      -6.2628217
                   152.5                      -6.2728361
               152.60001                      -6.2837732
                   152.7                      -6.2956402
                   152.8                      -6.3084441
               152.89999                       -6.322192
                     153                      -6.3368933
               153.10001                      -6.3525552
                   153.2                      -6.3691862
                   153.3                      -6.3867951
               153.39999                      -6.4053911
                   153.5                      -6.4249858
               153.60001                      -6.4455873
                   153.7                      -6.4672065
                   153.8                      -6.4898542
               153.89999                      -6.5135424
                     154                      -6.5382814
               154.10001                      -6.5640832
                   154.2                      -6.5909612
                   154.3                      -6.6189266
               154.39999                      -6.6479931
                   154.5                      -6.6781741
               154.60001                      -6.7094815
                   154.7                      -6.7419305
                   154.8                      -6.7755353
               154.89999                      -6.8103105
                     155                      -6.8462703
               155.10001                      -6.8834282
                   155.2                      -6.9218019
                   155.3                      -6.9614051
               155.39999                      -7.0022533
                   155.5                      -7.0443623
               155.60001                      -7.0877495
                   155.7                      -7.1324281
                   155.8                      -7.1784162
               155.89999                      -7.2257287
                     156                      -7.2743816
               156.10001                       -7.324393
                   156.2                      -7.3757758
                   156.3                      -7.4285486
               156.39999                      -7.4827259
                   156.5                      -7.5383237
               156.60001                      -7.5953571
                   156.7                      -7.6538406
                   156.8                      -7.7137904
               156.89999                      -7.7752199
                     157                      -7.8381432
               157.10001                      -7.9025731
                   157.2                      -7.9685234
                   157.3                      -8.0360051
               157.39999                      -8.1050297
                   157.5                      -8.1756072
               157.60001                      -8.2477478
                   157.7                      -8.3214581
                   157.8                      -8.3967477
               157.89999                      -8.4736207
                     158                      -8.5520814
               158.10001                      -8.6321327
                   158.2                      -8.7137767
                   158.3                      -8.7970128
               158.39999                      -8.8818361
                   158.5                       -8.968244
               158.60001                      -9.0562285
                   158.7                      -9.1457794
                   158.8                      -9.2368856
               158.89999                      -9.3295319
                     159                      -9.4237004
               159.10001                      -9.5193686
                   159.2                      -9.6165131
                   159.3                      -9.7151038
               159.39999                      -9.8151094
                   159.5                      -9.9164942
               159.60001                      -10.019214
                   159.7                      -10.123226
                   159.8                       -10.22848
               159.89999                      -10.334917
                     160                      -10.442481
               160.10001                        -10.5511
                   160.2                      -10.660703
                   160.3                      -10.771214
               160.39999                      -10.882543
                   160.5                        -10.9946
               160.60001                      -11.107285
                   160.7                      -11.220493
                   160.8                      -11.334108
               160.89999                      -11.448011
                     161                      -11.562071
               161.10001                      -11.676155
                   161.2                      -11.790116
                   161.3                      -11.903801
               161.39999                       -12.01705
                   161.5                        -12.1297
               161.60001                      -12.241572
                   161.7                      -12.352487
                   161.8                      -12.462258
               161.89999                       -12.57069
                     162                      -12.677584
               162.10001                      -12.782737
                   162.2                      -12.885943
                   162.3                      -12.986992
               162.39999                      -13.085673
                   162.5                      -13.181777
               162.60001                      -13.275092
                   162.7                      -13.365414
                   162.8                      -13.452539
               162.89999                      -13.536272
                     163                      -13.616423
               163.10001                      -13.692815
                   163.2                      -13.765278
                   163.3                      -13.833658
               163.39999                      -13.897813
                   163.5                      -13.957618
               163.60001                      -14.012966
                   163.7                      -14.063764
                   163.8                      -14.109943
               163.89999                      -14.151451
                     164                      -14.188257
               164.10001                      -14.220352
                   164.2                      -14.247744
                   164.3                      -14.270465
               164.39999                      -14.288565
                   164.5                      -14.302113
               164.60001                      -14.311194
                   164.7                      -14.315916
                   164.8                      -14.316394
               164.89999                      -14.312764
                     165                      -14.305172
               165.10001                      -14.293774
                   165.2                      -14.278735
                   165.3                      -14.260231
               165.39999                       -14.23844
                   165.5                      -14.213546
               165.60001                      -14.185738
                   165.7                      -14.155202
                   165.8                      -14.122128
               165.89999                      -14.086704
                     166                      -14.049115
               166.10001                      -14.009544
                   166.2                      -13.968171
                   166.3                      -13.925169
               166.39999                      -13.880708
                   166.5                      -13.834951
               166.60001                      -13.788058
                   166.7                      -13.740177
                   166.8                      -13.691457
               166.89999                      -13.642034
                     167                      -13.592041
               167.10001                      -13.541602
                   167.2                      -13.490836
                   167.3                      -13.439857
               167.39999                      -13.388768
                   167.5                      -13.337673
               167.60001                      -13.286662
                   167.7                      -13.235825
                   167.8                      -13.185243
               167.89999                      -13.134996
                     168                      -13.085156
               168.10001                      -13.035787
                   168.2                      -12.986957
                   168.3                      -12.938722
               168.39999                       -12.89114
                   168.5                      -12.844258
               168.60001                      -12.798126
                   168.7                      -12.752789
                   168.8                      -12.708288
               168.89999                       -12.66466
                     169                      -12.621942
               169.10001                      -12.580168
                   169.2                      -12.539369
                   169.3                      -12.499572
               169.39999                      -12.460807
                   169.5                      -12.423096
               169.60001                      -12.386467
                   169.7                      -12.350939
                   169.8                      -12.316534
               169.89999                      -12.283272
                     170                       -12.25117
               170.10001                      -12.220248
                   170.2                      -12.190521
                   170.3                      -12.162006
               170.39999                      -12.134717
                   170.5                      -12.108669
               170.60001                      -12.083876
                   170.7                      -12.060353
                   170.8                      -12.038112
               170.89999                      -12.017165
                     171                      -11.997527
               171.10001                      -11.979208
                   171.2                      -11.962222
                   171.3                      -11.946581
               171.39999                      -11.932296
                   171.5                      -11.919379
               171.60001                      -11.907844
                   171.7                      -11.897703
                   171.8                      -11.888967
               171.89999                       -11.88165
                     172                      -11.875764
               172.10001                      -11.871322
                   172.2                       -11.86834
                   172.3                      -11.866829
               172.39999                      -11.866804
                   172.5                       -11.86828
               172.60001                      -11.871273
                   172.7                      -11.875797
                   172.8                      -11.881868
               172.89999                      -11.889506
                     173                      -11.898726
               173.10001                      -11.909546
                   173.2                      -11.921987
                   173.3                      -11.936064
               173.39999                      -11.951803
                   173.5                      -11.969221
               173.60001                      -11.988342
                   173.7                      -12.009189
                   173.8                      -12.031785
               173.89999                      -12.056156
                     174                      -12.082326
               174.10001                      -12.110323
                   174.2                      -12.140175
                   174.3                      -12.171909
               174.39999                      -12.205557
                   174.5                       -12.24115
               174.60001                      -12.278721
                   174.7                      -12.318303
                   174.8                       -12.35993
               174.89999                       -12.40364
                     175                       -12.44947
               175.10001                      -12.497459
                   175.2                      -12.547647
                   175.3                      -12.600076
               175.39999                      -12.654792
                   175.5                      -12.711836
               175.60001                      -12.771257
                   175.7                      -12.833104
                   175.8                      -12.897425
               175.89999                      -12.964272
                     176                        -13.0337
               176.10001                      -13.105762
                   176.2                      -13.180516
                   176.3                      -13.258021
               176.39999                      -13.338338
                   176.5                      -13.421527
               176.60001                      -13.507655
                   176.7                      -13.596788
                   176.8                       -13.68899
               176.89999                      -13.784336
                     177                      -13.882893
               177.10001                      -13.984736
                   177.2                      -14.089938
                   177.3                      -14.198576
               177.39999                      -14.310723
                   177.5                      -14.426458
               177.60001                      -14.545859
                   177.7                      -14.669001
                   177.8                      -14.795963
               177.89999                      -14.926817
                     178                      -15.061638
               178.10001                      -15.200494
                   178.2                      -15.343454
                   178.3                      -15.490575
               178.39999                       -15.64191
                   178.5                      -15.797503
               178.60001                      -15.957384
                   178.7                      -16.121572
                   178.8                      -16.290064
               178.89999                       -16.46284
                     179                       -16.63985
               179.10001                      -16.821011
                   179.2                      -17.006207
                   179.3                       -17.19527
               179.39999                      -17.387983
                   179.5                      -17.584063
               179.60001                      -17.783149
                   179.7                      -17.984795
                   179.8                      -18.188453
               179.89999                      -18.393454
                     180                      -18.598998
               180.10001                      -18.804133
                   180.2                      -19.007739
                   180.3                      -19.208513
               180.39999                      -19.404956
                   180.5                      -19.595368
               180.60001                      -19.777847
                   180.7                      -19.950299
                   180.8                      -20.110466
               180.89999                      -20.255962
                     181                      -20.384334
               181.10001                      -20.493145
                   181.2                      -20.580058
                   181.3                      -20.642949
               181.39999                      -20.680014
                   181.5                       -20.68987
               181.60001                      -20.671644
                   181.7                      -20.625022
                   181.8                      -20.550276
               181.89999                      -20.448243
                     182                      -20.320272
               182.10001                      -20.168144
                   182.2                      -19.993966
                   182.3                      -19.800065
               182.39999                      -19.588882
                   182.5                      -19.362874
               182.60001                       -19.12444
                   182.7                      -18.875855
                   182.8                      -18.619231
               182.89999                      -18.356493
                     183                      -18.089359
               183.10001                      -17.819349
                   183.2                      -17.547785
                   183.3                      -17.275805
               183.39999                      -17.004378
                   183.5                      -16.734321
               183.60001                      -16.466313
                   183.7                      -16.200918
                   183.8                      -15.938593
               183.89999                      -15.679707
                     184                      -15.424553
               184.10001                      -15.173356
                   184.2                       -14.92629
                   184.3                       -14.68348
               184.39999                      -14.445011
                   184.5                      -14.210938
               184.60001                      -13.981287
                   184.7                      -13.756063
                   184.8                      -13.535251
               184.89999                      -13.318824
                     185                      -13.106739
               185.10001                      -12.898948
                   185.2                       -12.69539
                   185.3                      -12.496002
               185.39999                      -12.300714
                   185.5                      -12.109455
               185.60001                       -11.92215
                   185.7                      -11.738721
                   185.8                      -11.559093
               185.89999                      -11.383187
                     186                      -11.210926
               186.10001                      -11.042232
                   186.2                      -10.877029
                   186.3                      -10.715241
               186.39999                      -10.556794
                   186.5                      -10.401616
               186.60001                      -10.249633
                   186.7                      -10.100777
                   186.8                      -9.9549777
               186.89999                       -9.812171
                     187                      -9.6722879
               187.10001                      -9.5352675
                   187.2                      -9.4010471
                   187.3                      -9.2695662
               187.39999                      -9.1407649
                   187.5                      -9.0145879
               187.60001                      -8.8909776
                   187.7                       -8.769881
                   187.8                      -8.6512449
               187.89999                      -8.5350187
                     188                      -8.4211516
               188.10001                      -8.3095959
                   188.2                      -8.2003037
                   188.3                      -8.0932288
               188.39999                      -7.9883271
                   188.5                      -7.8855555
               188.60001                      -7.7848712
                   188.7                      -7.6862335
                   188.8                      -7.5896013
               188.89999                      -7.4949379
                     189                      -7.4022032
               189.10001                      -7.3113613
                   189.2                      -7.2223771
                   189.3                      -7.1352151
               189.39999                      -7.0498404
                   189.5                      -6.9662215
               189.60001                      -6.8843261
                   189.7                      -6.8041226
                   189.8                      -6.7255801
               189.89999                      -6.6486701
                     190                      -6.5733646
               190.10001                      -6.4996343
                   190.2                      -6.4274523
                   190.3                      -6.3567928
               190.39999                      -6.2876307
                   190.5                      -6.2199402
               190.60001                      -6.1536966
                   190.7                      -6.0888769
                   190.8                      -6.0254594
               190.89999                      -5.9634213
                     191                      -5.9027395
               191.10001                      -5.8433959
                   191.2                      -5.7853671
                   191.3                      -5.7286359
               191.39999                       -5.673181
                   191.5                      -5.6189849
               191.60001                      -5.5660294
                   191.7                      -5.5142978
                   191.8                      -5.4637703
               191.89999                      -5.4144328
                     192                      -5.3662676
               192.10001                      -5.3192607
                   192.2                      -5.2733949
                   192.3                      -5.2286564
               192.39999                      -5.1850327
                   192.5                      -5.1425073
               192.60001                      -5.1010674
                   192.7                      -5.0606999
                   192.8                      -5.0213941
               192.89999                      -4.9831361
                     193                      -4.9459154
               193.10001                      -4.9097193
                   193.2                      -4.8745381
                   193.3                       -4.840361
               193.39999                      -4.8071787
                   193.5                      -4.7749804
               193.60001                      -4.7437582
                   193.7                      -4.7135031
                   193.8                      -4.6842051
               193.89999                      -4.6558585
                     194                      -4.6284539
               194.10001                      -4.6019856
                   194.2                      -4.5764468
                   194.3                      -4.5518293
               194.39999                      -4.5281272
                   194.5                      -4.5053368
               194.60001                      -4.4834518
                   194.7                      -4.4624667
                   194.8                      -4.4423759
               194.89999                      -4.4231775
                     195                      -4.4048645
               195.10001                      -4.3874345
                   195.2                      -4.3708854
                   195.3                      -4.3552112
               195.39999                      -4.3404098
                   195.5                      -4.3264798
               195.60001                      -4.3134177
                   195.7                      -4.3012205
                   195.8                      -4.2898888
               195.89999                      -4.2794181
                     196                      -4.2698072
               196.10001                      -4.2610573
                   196.2                      -4.2531654
                   196.3                      -4.2461316
               196.39999                      -4.2399545
                   196.5                      -4.2346346
               196.60001                      -4.2301738
                   196.7                       -4.226568
                   196.8                      -4.2238213
               196.89999                      -4.2219334
                     197                      -4.2209056
               197.10001                      -4.2207398
                   197.2                      -4.2214368
                   197.3                      -4.2229993
               197.39999                      -4.2254289
                   197.5                      -4.2287302
               197.60001                      -4.2329033
                   197.7                      -4.2379529
                   197.8                      -4.2438825
               197.89999                      -4.2506964
                     198                      -4.2583981
               198.10001                      -4.2669918
                   198.2                      -4.2764831
                   198.3                      -4.2868776
               198.39999                      -4.2981794
                   198.5                      -4.3103946
               198.60001                      -4.3235303
                   198.7                      -4.3375929
                   198.8                       -4.352588
               198.89999                      -4.3685232
                     199                      -4.3854055
               199.10001                      -4.4032426
                   199.2                      -4.4220433
                   199.3                      -4.4418165
               199.39999                      -4.4625687
                   199.5                      -4.4843109
               199.60001                      -4.5070512
                   199.7                      -4.5307991
                   199.8                      -4.5555672
               199.89999                      -4.5813627
                     200                      -4.6081982

