        Frequency / MHz                S1,1/abs,dB
----------------------------------------------------------------------
                     100                      -14.799991
                   100.1                       -14.57644
                   100.2                      -14.357301
                   100.3                      -14.143835
                   100.4                      -13.936953
                   100.5                      -13.737294
                   100.6                      -13.545277
                   100.7                      -13.361153
                   100.8                       -13.18504
                   100.9                      -13.016957
                     101                       -12.85685
                   101.1                      -12.704606
                   101.2                      -12.560077
                   101.3                      -12.423083
                   101.4                      -12.293429
                   101.5                      -12.170908
                   101.6                      -12.055304
                   101.7                      -11.946405
                   101.8                      -11.843994
                   101.9                      -11.747861
                     102                      -11.657801
                   102.1                      -11.573613
                   102.2                      -11.495106
                   102.3                       -11.42209
                   102.4                      -11.354388
                   102.5                      -11.291826
                   102.6                       -11.23424
                   102.7                       -11.18147
                   102.8                      -11.133362
                   102.9                      -11.089771
                     103                      -11.050556
                   103.1                      -11.015579
                   103.2                      -10.984711
                   103.3                      -10.957824
                   103.4                      -10.934795
                   103.5                      -10.915509
                   103.6                       -10.89985
                   103.7                      -10.887707
                   103.8                      -10.878973
                   103.9                      -10.873544
                     104                      -10.871319
                   104.1                      -10.872199
                   104.2                      -10.876088
                   104.3                      -10.882893
                   104.4                      -10.892522
                   104.5                      -10.904888
                   104.6                      -10.919902
                   104.7                      -10.937479
                   104.8                      -10.957537
                   104.9                      -10.979992
                     105                      -11.004764
                   105.1                      -11.031772
                   105.2                      -11.060937
                   105.3                       -11.09218
                   105.4                      -11.125424
                   105.5                      -11.160588
                   105.6                      -11.197594
                   105.7                      -11.236363
                   105.8                      -11.276814
                   105.9                      -11.318863
                     106                      -11.362429
                   106.1                      -11.407424
                   106.2                      -11.453763
                   106.3                      -11.501353
                   106.4                      -11.550103
                   106.5                      -11.599914
                   106.6                      -11.650688
                   106.7                       -11.70232
                   106.8                      -11.754704
                   106.9                      -11.807726
                     107                      -11.861272
                   107.1                      -11.915221
                   107.2                      -11.969446
                   107.3                       -12.02382
                   107.4                      -12.078206
                   107.5                      -12.132468
                   107.6                      -12.186459
                   107.7                      -12.240034
                   107.8                       -12.29304
                   107.9                      -12.345322
                     108                       -12.39672
                   108.1                       -12.44707
                   108.2                      -12.496209
                   108.3                      -12.543968
                   108.4                       -12.59018
                   108.5                      -12.634674
                   108.6                      -12.677279
                   108.7                      -12.717828
                   108.8                      -12.756154
                   108.9                       -12.79209
                     109                      -12.825475
                   109.1                      -12.856151
                   109.2                      -12.883969
                   109.3                      -12.908781
                   109.4                      -12.930451
                   109.5                      -12.948848
                   109.6                      -12.963854
                   109.7                      -12.975359
                   109.8                      -12.983264
                   109.9                      -12.987483
                     110                      -12.987944
                   110.1                      -12.984584
                   110.2                      -12.977358
                   110.3                      -12.966234
                   110.4                      -12.951192
                   110.5                      -12.932229
                   110.6                      -12.909355
                   110.7                      -12.882591
                   110.8                      -12.851976
                   110.9                      -12.817561
                     111                      -12.779407
                   111.1                      -12.737587
                   111.2                      -12.692189
                   111.3                      -12.643305
                   111.4                      -12.591041
                   111.5                      -12.535508
                   111.6                      -12.476824
                   111.7                      -12.415115
                   111.8                      -12.350511
                   111.9                      -12.283146
                     112                      -12.213158
                   112.1                      -12.140684
                   112.2                      -12.065867
                   112.3                      -11.988845
                   112.4                      -11.909765
                   112.5                       -11.82876
                   112.6                      -11.745974
                   112.7                      -11.661542
                   112.8                      -11.575597
                   112.9                       -11.48827
                     113                      -11.399691
                   113.1                      -11.309982
                   113.2                      -11.219263
                   113.3                      -11.127651
                   113.4                       -11.03526
                   113.5                      -10.942195
                   113.6                       -10.84856
                   113.7                      -10.754454
                   113.8                      -10.659972
                   113.9                      -10.565204
                     114                      -10.470234
                   114.1                      -10.375145
                   114.2                      -10.280013
                   114.3                      -10.184912
                   114.4                       -10.08991
                   114.5                      -9.9950718
                   114.6                      -9.9004581
                   114.7                      -9.8061269
                   114.8                       -9.712132
                   114.9                      -9.6185232
                     115                      -9.5253475
                   115.1                      -9.4326498
                   115.2                      -9.3404694
                   115.3                      -9.2488459
                   115.4                      -9.1578138
                   115.5                      -9.0674054
                   115.6                      -8.9776531
                   115.7                      -8.8885832
                   115.8                      -8.8002226
                   115.9                      -8.7125944
                     116                      -8.6257227
                   116.1                      -8.5396264
                   116.2                      -8.4543258
                   116.3                      -8.3698358
                   116.4                      -8.2861761
                   116.5                      -8.2033593
                   116.6                      -8.1213992
                   116.7                      -8.0403103
                   116.8                      -7.9601024
                   116.9                       -7.880787
                     117                      -7.8023741
                   117.1                      -7.7248733
                   117.2                       -7.648294
                   117.3                      -7.5726438
                   117.4                       -7.497931
                   117.5                       -7.424161
                   117.6                      -7.3513423
                   117.7                      -7.2794812
                   117.8                       -7.208582
                   117.9                       -7.138652
                     118                      -7.0696957
                   118.1                      -7.0017184
                   118.2                      -6.9347244
                   118.3                      -6.8687191
                   118.4                      -6.8037052
                   118.5                      -6.7396877
                   118.6                      -6.6766704
                   118.7                      -6.6146566
                   118.8                       -6.553649
                   118.9                      -6.4936514
                     119                      -6.4346665
                   119.1                      -6.3766972
                   119.2                       -6.319746
                   119.3                      -6.2638167
                   119.4                      -6.2089093
                   119.5                      -6.1550267
                   119.6                      -6.1021712
                   119.7                      -6.0503451
                   119.8                      -5.9995496
                   119.9                      -5.9497854
                     120                      -5.9010567
                   120.1                      -5.8533628
                   120.2                       -5.806707
                   120.3                      -5.7610873
                   120.4                      -5.7165084
                   120.5                      -5.6729709
                   120.6                       -5.630475
                   120.7                      -5.5890216
                   120.8                      -5.5486143
                   120.9                      -5.5092511
                     121                      -5.4709351
                   121.1                      -5.4336668
                   121.2                       -5.397448
                   121.3                      -5.3622784
                   121.4                      -5.3281622
                   121.5                      -5.2950976
                   121.6                      -5.2630872
                   121.7                      -5.2321319
                   121.8                       -5.202233
                   121.9                      -5.1733929
                     122                      -5.1456122
                   122.1                      -5.1188923
                   122.2                      -5.0932358
                   122.3                      -5.0686443
                   122.4                      -5.0451194
                   122.5                      -5.0226628
                   122.6                      -5.0012766
                   122.7                      -4.9809652
                   122.8                      -4.9617294
                   122.9                      -4.9435716
                     123                      -4.9264959
                   123.1                      -4.9105058
                   123.2                       -4.895603
                   123.3                      -4.8817937
                   123.4                      -4.8690799
                   123.5                      -4.8574672
                   123.6                      -4.8469604
                   123.7                      -4.8375633
                   123.8                      -4.8292829
                   123.9                      -4.8221259
                     124                      -4.8160962
                   124.1                      -4.8112029
                   124.2                      -4.8074522
                   124.3                      -4.8048519
                   124.4                      -4.8034106
                   124.5                       -4.803137
                   124.6                      -4.8040407
                   124.7                      -4.8061308
                   124.8                      -4.8094197
                   124.9                      -4.8139169
                     125                      -4.8196342
                   125.1                      -4.8265832
                   125.2                      -4.8347791
                   125.3                      -4.8442329
                   125.4                      -4.8549599
                   125.5                      -4.8669742
                   125.6                      -4.8802916
                   125.7                      -4.8949281
                   125.8                      -4.9109003
                   125.9                      -4.9282261
                     126                      -4.9469221
                   126.1                      -4.9670085
                   126.2                      -4.9885035
                   126.3                       -5.011427
                   126.4                      -5.0358001
                   126.5                      -5.0616452
                   126.6                      -5.0889825
                   126.7                      -5.1178353
                   126.8                      -5.1482273
                   126.9                      -5.1801833
                     127                      -5.2137272
                   127.1                      -5.2488853
                   127.2                      -5.2856853
                   127.3                      -5.3241534
                   127.4                      -5.3643171
                   127.5                      -5.4062042
                   127.6                      -5.4498468
                   127.7                      -5.4952748
                   127.8                      -5.5425188
                   127.9                      -5.5916104
                     128                      -5.6425826
               128.10001                      -5.6954705
                   128.2                      -5.7503084
                   128.3                      -5.8071296
               128.39999                      -5.8659738
                   128.5                      -5.9268772
               128.60001                      -5.9898768
                   128.7                      -6.0550126
                   128.8                      -6.1223238
               128.89999                      -6.1918526
                     129                      -6.2636417
               129.10001                      -6.3377313
                   129.2                      -6.4141669
                   129.3                      -6.4929932
               129.39999                      -6.5742556
                   129.5                      -6.6580013
               129.60001                      -6.7442789
                   129.7                      -6.8331363
                   129.8                      -6.9246239
               129.89999                      -7.0187926
                     130                      -7.1156952
               130.10001                      -7.2153843
                   130.2                      -7.3179158
                   130.3                      -7.4233437
               130.39999                      -7.5317262
                   130.5                      -7.6431227
               130.60001                      -7.7575908
                   130.7                      -7.8751924
                   130.8                      -7.9959902
               130.89999                      -8.1200481
                     131                      -8.2474316
               131.10001                      -8.3782088
                   131.2                      -8.5124457
                   131.3                      -8.6502154
               131.39999                      -8.7915894
                   131.5                      -8.9366403
               131.60001                      -9.0854456
                   131.7                      -9.2380819
                   131.8                      -9.3946287
               131.89999                      -9.5551666
                     132                      -9.7197805
               132.10001                      -9.8885542
                   132.2                      -10.061575
                   132.3                      -10.238929
               132.39999                      -10.420709
                   132.5                      -10.607005
               132.60001                      -10.797909
                   132.7                      -10.993515
                   132.8                      -11.193916
               132.89999                      -11.399203
                     133                      -11.609469
               133.10001                      -11.824804
                   133.2                      -12.045292
                   133.3                      -12.271017
               133.39999                      -12.502053
                   133.5                      -12.738467
               133.60001                      -12.980312
                   133.7                      -13.227631
                   133.8                      -13.480441
               133.89999                      -13.738742
                     134                      -14.002501
               134.10001                      -14.271648
                   134.2                      -14.546067
                   134.3                      -14.825588
               134.39999                      -15.109972
                   134.5                      -15.398893
               134.60001                      -15.691932
                   134.7                      -15.988543
                   134.8                      -16.288043
               134.89999                      -16.589576
                     135                      -16.892094
               135.10001                      -17.194322
                   135.2                      -17.494729
                   135.3                        -17.7915
               135.39999                      -18.082518
                   135.5                      -18.365342
               135.60001                      -18.637218
                   135.7                      -18.895094
                   135.8                       -19.13568
               135.89999                      -19.355529
                     136                      -19.551159
               136.10001                      -19.719216
                   136.2                      -19.856648
                   136.3                      -19.960905
               136.39999                      -20.030118
                   136.5                      -20.063237
               136.60001                      -20.060121
                   136.7                      -20.021541
                   136.8                      -19.949124
               136.89999                      -19.845218
                     137                      -19.712724
               137.10001                      -19.554899
                   137.2                      -19.375175
                   137.3                       -19.17699
               137.39999                      -18.963655
                   137.5                       -18.73826
               137.60001                      -18.503614
                   137.7                      -18.262211
                   137.8                      -18.016228
               137.89999                      -17.767528
                     138                      -17.517686
               138.10001                      -17.268016
                   138.2                      -17.019594
                   138.3                      -16.773299
               138.39999                      -16.529829
                   138.5                      -16.289737
               138.60001                       -16.05345
                   138.7                      -15.821288
                   138.8                      -15.593489
               138.89999                      -15.370215
                     139                       -15.15157
               139.10001                      -14.937614
                   139.2                      -14.728363
                   139.3                      -14.523809
               139.39999                      -14.323912
                   139.5                      -14.128619
               139.60001                      -13.937858
                   139.7                      -13.751546
                   139.8                      -13.569594
               139.89999                      -13.391903
                     140                      -13.218373
               140.10001                      -13.048898
                   140.2                      -12.883376
                   140.3                      -12.721699
               140.39999                      -12.563762
                   140.5                       -12.40946
               140.60001                       -12.25869
                   140.7                      -12.111352
                   140.8                      -11.967347
               140.89999                      -11.826578
                     141                      -11.688953
               141.10001                      -11.554379
                   141.2                      -11.422769
                   141.3                      -11.294038
               141.39999                      -11.168103
                   141.5                      -11.044885
               141.60001                      -10.924306
                   141.7                      -10.806292
                   141.8                      -10.690774
               141.89999                      -10.577682
                     142                       -10.46695
               142.10001                      -10.358513
                   142.2                      -10.252312
                   142.3                      -10.148288
               142.39999                      -10.046383
                   142.5                      -9.9465433
               142.60001                       -9.848718
                   142.7                      -9.7528551
                   142.8                      -9.6589088
               142.89999                      -9.5668313
                     143                      -9.4765779
               143.10001                      -9.3881081
                   143.2                      -9.3013794
                   143.3                      -9.2163534
               143.39999                      -9.1329913
                   143.5                       -9.051259
               143.60001                      -8.9711207
                   143.7                      -8.8925435
                   143.8                      -8.8154955
               143.89999                      -8.7399466
                     144                      -8.6658678
               144.10001                      -8.5932297
                   144.2                      -8.5220078
                   144.3                      -8.4521748
               144.39999                      -8.3837074
                   144.5                      -8.3165809
               144.60001                      -8.2507726
                   144.7                      -8.1862622
                   144.8                      -8.1230284
               144.89999                      -8.0610517
                     145                      -8.0003137
               145.10001                      -7.9407943
                   145.2                      -7.8824787
                   145.3                      -7.8253481
               145.39999                      -7.7693881
                   145.5                      -7.7145838
               145.60001                      -7.6609193
                   145.7                      -7.6083805
                   145.8                      -7.5569553
               145.89999                      -7.5066297
                     146                      -7.4573919
               146.10001                      -7.4092306
                   146.2                       -7.362132
                   146.3                      -7.3160877
               146.39999                       -7.271086
                   146.5                      -7.2271165
               146.60001                      -7.1841706
                   146.7                       -7.142238
                   146.8                       -7.101309
               146.89999                       -7.061375
                     147                      -7.0224285
               147.10001                      -6.9844608
                   147.2                       -6.947464
                   147.3                      -6.9114307
               147.39999                      -6.8763531
                   147.5                       -6.842225
               147.60001                      -6.8090387
                   147.7                      -6.7767879
                   147.8                      -6.7454665
               147.89999                      -6.7150686
                     148                      -6.6855878
               148.10001                      -6.6570197
                   148.2                      -6.6293586
                   148.3                      -6.6025986
               148.39999                      -6.5767364
                   148.5                      -6.5517661
               148.60001                      -6.5276848
                   148.7                      -6.5044866
                   148.8                      -6.4821691
               148.89999                      -6.4607279
                     149                      -6.4401607
               149.10001                      -6.4204634
                   149.2                      -6.4016341
                   149.3                      -6.3836692
               149.39999                      -6.3665669
                   149.5                      -6.3503241
               149.60001                      -6.3349406
                   149.7                      -6.3204135
                   149.8                      -6.3067421
               149.89999                      -6.2939243
                     150                      -6.2819605
               150.10001                      -6.2708488
                   150.2                      -6.2605886
                   150.3                      -6.2511805
               150.39999                      -6.2426246
                   150.5                      -6.2349202
               150.60001                      -6.2280676
                   150.7                      -6.2220692
                   150.8                      -6.2169254
               150.89999                      -6.2126357
                     151                      -6.2092036
               151.10001                      -6.2066318
                   151.2                      -6.2049187
                   151.3                      -6.2040703
               151.39999                      -6.2040869
                   151.5                      -6.2049724
               151.60001                      -6.2067306
                   151.7                      -6.2093639
                   151.8                       -6.212877
               151.89999                      -6.2172733
                     152                      -6.2225574
               152.10001                      -6.2287341
                   152.2                       -6.235809
                   152.3                      -6.2437872
               152.39999                      -6.2526741
                   152.5                      -6.2624766
               152.60001                      -6.2732004
                   152.7                       -6.284854
                   152.8                      -6.2974419
               152.89999                       -6.310974
                     153                      -6.3254575
               153.10001                         -6.3409
                   153.2                      -6.3573112
                   153.3                      -6.3746993
               153.39999                      -6.3930737
                   153.5                      -6.4124454
               153.60001                      -6.4328227
                   153.7                      -6.4542166
                   153.8                      -6.4766388
               153.89999                       -6.500099
                     154                      -6.5246097
               154.10001                      -6.5501822
                   154.2                      -6.5768294
                   154.3                      -6.6045632
               154.39999                      -6.6333963
                   154.5                      -6.6633422
               154.60001                      -6.6944138
                   154.7                      -6.7266253
                   154.8                      -6.7599906
               154.89999                      -6.7945248
                     155                      -6.8302409
               155.10001                      -6.8671543
                   155.2                      -6.9052808
                   155.3                      -6.9446357
               155.39999                      -6.9852335
                   155.5                      -7.0270893
               155.60001                      -7.0702207
                   155.7                      -7.1146436
                   155.8                      -7.1603724
               155.89999                      -7.2074242
                     156                      -7.2558146
               156.10001                       -7.305561
                   156.2                      -7.3566785
                   156.3                      -7.4091839
               156.39999                      -7.4630923
                   156.5                      -7.5184206
               156.60001                      -7.5751849
                   156.7                      -7.6333981
                   156.8                      -7.6930776
               156.89999                      -7.7542367
                     157                      -7.8168903
               157.10001                      -7.8810528
                   157.2                      -7.9467368
                   157.3                      -8.0139539
               157.39999                      -8.0827162
                   157.5                      -8.1530359
               157.60001                      -8.2249221
                   157.7                      -8.2983839
                   157.8                      -8.3734291
               157.89999                      -8.4500639
                     158                      -8.5282929
               158.10001                       -8.608122
                   158.2                      -8.6895516
                   158.3                      -8.7725822
               158.39999                      -8.8572131
                   158.5                      -8.9434411
               158.60001                       -9.031258
                   158.7                      -9.1206587
                   158.8                      -9.2116312
               158.89999                      -9.3041617
                     159                       -9.398234
               159.10001                      -9.4938299
                   159.2                      -9.5909273
                   159.3                      -9.6894967
               159.39999                      -9.7895121
                   159.5                      -9.8909373
               159.60001                       -9.993735
                   159.7                      -10.097862
                   159.8                      -10.203272
               159.89999                      -10.309913
                     160                      -10.417727
               160.10001                      -10.526651
                   160.2                      -10.636617
                   160.3                       -10.74755
               160.39999                      -10.859369
                   160.5                      -10.971985
               160.60001                      -11.085308
                   160.7                      -11.199234
                   160.8                      -11.313655
               160.89999                      -11.428454
                     161                      -11.543509
               161.10001                      -11.658689
                   161.2                      -11.773855
                   161.3                      -11.888861
               161.39999                      -12.003552
                   161.5                      -12.117767
               161.60001                      -12.231336
                   161.7                      -12.344083
                   161.8                      -12.455824
               161.89999                      -12.566369
                     162                      -12.675524
               162.10001                      -12.783087
                   162.2                      -12.888856
                   162.3                      -12.992619
               162.39999                      -13.094167
                   162.5                       -13.19329
               162.60001                      -13.289774
                   162.7                       -13.38341
                   162.8                      -13.473993
               162.89999                      -13.561319
                     163                      -13.645194
               163.10001                      -13.725429
                   163.2                      -13.801847
                   163.3                      -13.874281
               163.39999                      -13.942579
                   163.5                      -14.006601
               163.60001                      -14.066224
                   163.7                      -14.121344
                   163.8                      -14.171875
               163.89999                      -14.217747
                     164                      -14.258913
               164.10001                      -14.295348
                   164.2                      -14.327045
                   164.3                      -14.354016
               164.39999                      -14.376299
                   164.5                      -14.393947
               164.60001                      -14.407032
                   164.7                      -14.415646
                   164.8                      -14.419897
               164.89999                      -14.419906
                     165                      -14.415813
               165.10001                      -14.407764
                   165.2                       -14.39592
                   165.3                      -14.380449
               165.39999                      -14.361527
                   165.5                      -14.339336
               165.60001                       -14.31406
                   165.7                      -14.285891
                   165.8                      -14.255014
               165.89999                      -14.221622
                     166                      -14.185902
               166.10001                       -14.14804
                   166.2                      -14.108219
                   166.3                      -14.066618
               166.39999                      -14.023411
                   166.5                      -13.978768
               166.60001                      -13.932851
                   166.7                      -13.885817
                   166.8                       -13.83782
               166.89999                         -13.789
                     167                      -13.739498
               167.10001                      -13.689442
                   167.2                       -13.63896
                   167.3                      -13.588168
               167.39999                      -13.537178
                   167.5                      -13.486095
               167.60001                      -13.435018
                   167.7                      -13.384041
                   167.8                      -13.333251
               167.89999                       -13.28273
                     168                      -13.232555
               168.10001                      -13.182798
                   168.2                      -13.133527
                   168.3                      -13.084805
               168.39999                      -13.036689
                   168.5                      -12.989237
               168.60001                      -12.942496
                   168.7                      -12.896517
                   168.8                      -12.851343
               168.89999                      -12.807016
                     169                      -12.763574
               169.10001                      -12.721054
                   169.2                      -12.679489
                   169.3                      -12.638911
               169.39999                      -12.599348
                   169.5                      -12.560828
               169.60001                      -12.523378
                   169.7                       -12.48702
                   169.8                      -12.451778
               169.89999                      -12.417673
                     170                      -12.384725
               170.10001                      -12.352953
                   170.2                      -12.322375
                   170.3                      -12.293009
               170.39999                       -12.26487
                   170.5                      -12.237973
               170.60001                      -12.212335
                   170.7                      -12.187968
                   170.8                      -12.164889
               170.89999                      -12.143109
                     171                      -12.122642
               171.10001                      -12.103502
                   171.2                        -12.0857
                   171.3                      -12.069251
               171.39999                      -12.054165
                   171.5                      -12.040457
               171.60001                      -12.028138
                   171.7                      -12.017222
                   171.8                      -12.007722
               171.89999                      -11.999649
                     172                      -11.993018
               172.10001                      -11.987842
                   172.2                      -11.984136
                   172.3                      -11.981914
               172.39999                      -11.981189
                   172.5                      -11.981977
               172.60001                      -11.984296
                   172.7                      -11.988158
                   172.8                      -11.993583
               172.89999                      -12.000588
                     173                      -12.009189
               173.10001                      -12.019405
                   173.2                      -12.031257
                   173.3                      -12.044764
               173.39999                      -12.059946
                   173.5                      -12.076825
               173.60001                      -12.095424
                   173.7                      -12.115767
                   173.8                      -12.137876
               173.89999                      -12.161777
                     174                      -12.187496
               174.10001                      -12.215061
                   174.2                      -12.244499
                   174.3                      -12.275838
               174.39999                      -12.309112
                   174.5                      -12.344348
               174.60001                      -12.381581
                   174.7                      -12.420846
                   174.8                      -12.462174
               174.89999                      -12.505605
                     175                      -12.551176
               175.10001                      -12.598925
                   175.2                      -12.648894
                   175.3                      -12.701125
               175.39999                      -12.755659
                   175.5                      -12.812544
               175.60001                      -12.871827
                   175.7                      -12.933555
                   175.8                      -12.997778
               175.89999                      -13.064549
                     176                      -13.133921
               176.10001                      -13.205949
                   176.2                      -13.280692
                   176.3                      -13.358207
               176.39999                      -13.438557
                   176.5                      -13.521804
               176.60001                      -13.608012
                   176.7                      -13.697248
                   176.8                      -13.789581
               176.89999                       -13.88508
                     177                      -13.983818
               177.10001                      -14.085866
                   177.2                      -14.191301
                   177.3                      -14.300196
               177.39999                      -14.412631
                   177.5                       -14.52868
               177.60001                      -14.648421
                   177.7                      -14.771931
                   177.8                      -14.899286
               177.89999                      -15.030562
                     178                      -15.165831
               178.10001                      -15.305161
                   178.2                      -15.448617
                   178.3                      -15.596255
               178.39999                      -15.748128
                   178.5                      -15.904275
               178.60001                      -16.064725
                   178.7                       -16.22949
                   178.8                      -16.398565
               178.89999                      -16.571921
                     179                      -16.749502
               179.10001                      -16.931215
                   179.2                      -17.116934
                   179.3                      -17.306481
               179.39999                       -17.49962
                   179.5                      -17.696052
               179.60001                      -17.895396
                   179.7                      -18.097182
                   179.8                      -18.300832
               179.89999                       -18.50565
                     180                      -18.710796
               180.10001                       -18.91528
                   180.2                      -19.117936
                   180.3                      -19.317414
               180.39999                      -19.512166
                   180.5                       -19.70044
               180.60001                      -19.880284
                   180.7                      -20.049559
                   180.8                      -20.205968
               180.89999                      -20.347102
                     181                      -20.470501
               181.10001                      -20.573738
                   181.2                       -20.65452
                   181.3                      -20.710788
               181.39999                      -20.740831
                   181.5                      -20.743385
               181.60001                      -20.717707
                   181.7                      -20.663629
                   181.8                      -20.581567
               181.89999                      -20.472493
                     182                      -20.337873
               182.10001                      -20.179579
                   182.2                      -19.999788
                   182.3                      -19.800867
               182.39999                      -19.585271
                   182.5                      -19.355453
               182.60001                      -19.113788
                   182.7                      -18.862518
                   182.8                      -18.603708
               182.89999                      -18.339236
                     183                      -18.070771
               183.10001                      -17.799783
                   183.2                       -17.52755
                   183.3                      -17.255164
               183.39999                      -16.983556
                   183.5                      -16.713508
               183.60001                      -16.445667
                   183.7                       -16.18057
                   183.8                      -15.918649
               183.89999                      -15.660255
                     184                      -15.405662
               184.10001                       -15.15508
                   184.2                      -14.908671
                   184.3                      -14.666548
               184.39999                       -14.42879
                   184.5                      -14.195442
               184.60001                      -13.966524
                   184.7                      -13.742038
                   184.8                      -13.521963
               184.89999                       -13.30627
                     185                      -13.094913
               185.10001                       -12.88784
                   185.2                      -12.684992
                   185.3                      -12.486302
               185.39999                      -12.291701
                   185.5                      -12.101117
               185.60001                      -11.914472
                   185.7                      -11.731692
                   185.8                        -11.5527
               185.89999                      -11.377416
                     186                      -11.205764
               186.10001                      -11.037667
                   186.2                      -10.873048
                   186.3                      -10.711834
               186.39999                      -10.553948
                   186.5                      -10.399319
               186.60001                      -10.247875
                   186.7                      -10.099546
                   186.8                      -9.9542655
               186.89999                       -9.811965
                     187                      -9.6725801
               187.10001                      -9.5360474
                   187.2                      -9.4023046
                   187.3                      -9.2712915
               187.39999                      -9.1429503
                   187.5                      -9.0172229
               187.60001                      -8.8940542
                   187.7                      -8.7733895
                   187.8                       -8.655177
               187.89999                      -8.5393637
                     188                      -8.4259013
               188.10001                       -8.314742
                   188.2                      -8.2058374
                   188.3                      -8.0991422
               188.39999                      -7.9946116
                   188.5                      -7.8922024
               188.60001                      -7.7918722
                   188.7                      -7.6935808
                   188.8                      -7.5972873
               188.89999                      -7.5029542
                     189                      -7.4105431
               189.10001                      -7.3200182
                   189.2                       -7.231342
                   189.3                      -7.1444815
               189.39999                      -7.0594034
                   189.5                       -6.976074
               189.60001                      -6.8944615
                   189.7                      -6.8145348
                   189.8                      -6.7362643
               189.89999                      -6.6596203
                     190                      -6.5845744
               190.10001                         -6.5111
                   190.2                      -6.4391681
                   190.3                      -6.3687544
               190.39999                      -6.2998314
                   190.5                      -6.2323756
               190.60001                      -6.1663631
                   190.7                      -6.1017699
                   190.8                      -6.0385719
               190.89999                       -5.976748
                     191                      -5.9162777
               191.10001                      -5.8571384
                   191.2                      -5.7993083
                   191.3                      -5.7427702
               191.39999                      -5.6875045
                   191.5                      -5.6334898
               191.60001                      -5.5807099
                   191.7                       -5.529146
                   191.8                      -5.4787813
               191.89999                      -5.4295997
                     192                      -5.3815837
               192.10001                       -5.334718
                   192.2                      -5.2889869
                   192.3                      -5.2443755
               192.39999                      -5.2008714
                   192.5                      -5.1584579
               192.60001                      -5.1171238
                   192.7                      -5.0768545
                   192.8                      -5.0376396
               192.89999                      -4.9994639
                     193                        -4.96232
               193.10001                      -4.9261928
                   193.2                       -4.891073
                   193.3                      -4.8569522
               193.39999                      -4.8238181
                   193.5                      -4.7916611
               193.60001                      -4.7604752
                   193.7                      -4.7302477
                   193.8                      -4.7009732
               193.89999                      -4.6726431
                     194                      -4.6452499
               194.10001                      -4.6187849
                   194.2                      -4.5932437
                   194.3                       -4.568618
               194.39999                      -4.5449025
                   194.5                       -4.522092
               194.60001                      -4.5001795
                   194.7                      -4.4791602
                   194.8                      -4.4590294
               194.89999                      -4.4397836
                     195                      -4.4214172
               195.10001                      -4.4039257
                   195.2                      -4.3873065
                   195.3                      -4.3715555
               195.39999                      -4.3566701
                   195.5                      -4.3426458
               195.60001                       -4.329482
                   195.7                       -4.317174
                   195.8                      -4.3057226
               195.89999                      -4.2951224
                     196                      -4.2853757
               196.10001                       -4.276477
                   196.2                       -4.268429
                   196.3                      -4.2612293
               196.39999                      -4.2548767
                   196.5                      -4.2493722
               196.60001                      -4.2447159
                   196.7                      -4.2409066
                   196.8                      -4.2379471
               196.89999                      -4.2358358
                     197                      -4.2345773
               197.10001                      -4.2341704
                   197.2                      -4.2346177
                   197.3                      -4.2359224
               197.39999                      -4.2380853
                   197.5                      -4.2411095
               197.60001                      -4.2449992
                   197.7                      -4.2497556
                   197.8                      -4.2553841
               197.89999                      -4.2618872
                     198                       -4.269269
               198.10001                       -4.277536
                   198.2                      -4.2866892
                   198.3                      -4.2967367
               198.39999                      -4.3076822
                   198.5                      -4.3195327
               198.60001                      -4.3322917
                   198.7                      -4.3459673
                   198.8                      -4.3605639
               198.89999                      -4.3760899
                     199                      -4.3925515
               199.10001                      -4.4099566
                   199.2                      -4.4283122
                   199.3                      -4.4476261
               199.39999                      -4.4679061
                   199.5                      -4.4891628
               199.60001                      -4.5114032
                   199.7                       -4.534638
                   199.8                      -4.5588771
               199.89999                       -4.584128
                     200                      -4.6104037

